: 0, 1, 2, 3, 4, 5, 6, 7, 8, 9, 10, 11, 12, 13, 14, 15, 16, 17, 18, 19, 20, 21, 22, 23, 24, 25, 26, 27, 28, 29, 30, 31, 32, 33, 34, 35, 36, 37, 38, 39, 40, 41, 42, 43, 44, 45, 46, 47, 48, 49, 50, 51, 52, 53, 54, 55, 56, 57, 58, 59, 60, 61, 62, 63, 64, 65, 66, 67, 68, 69, 70, 71, 72, 73, 74, 75, 76, 77, 78, 79, 80, 81, 82, 83, 84, 85, 86, 87, 88, 89, 90, 91, 92, 93, 94, 95, 96, 97, 98, 99
!: 91
&: 90
-: 1, 3, 18, 57, 63, 78, 89, 90, 91, 99
000: 78
1: 0, 1, 2, 3, 4, 5, 6, 7, 8, 9, 10, 12, 13, 14, 15, 17, 18, 19, 20, 21, 23, 24, 25, 26, 27, 28, 29, 30, 31, 32, 33, 34, 35, 36, 37, 38, 39, 40, 41, 42, 43, 44, 45, 46, 47, 48, 49, 50, 51, 52, 53, 54, 55, 56, 57, 58, 59, 60, 61, 62, 63, 64, 65, 66, 67, 68, 69, 70, 71, 72, 73, 74, 75, 76, 77, 78, 79, 80, 81, 82, 83, 84, 85, 86, 87, 88, 89, 90, 91, 92, 93, 94, 95, 96, 97, 98, 99
10: 3, 9, 14, 25, 39, 47, 57, 61, 71, 77, 82, 92
100: 34, 47, 88, 94, 97, 99
1000: 91
1004: 0, 91
1005: 21
1009: 30, 35, 40, 45
101: 32, 87
1010: 38, 40
1011: 23, 73, 74, 77, 79
1015: 8
1016: 18, 28, 32, 34, 35, 36, 38, 39, 40, 41, 42, 46, 54, 57, 69, 83, 87, 88, 96
1017: 9
1018: 30, 35, 40, 45
1019: 13, 30, 32, 35, 40, 45
102: 14, 18, 32, 35, 36, 38, 39, 40, 46, 47, 87, 88, 96, 98, 99
1020: 10
1021: 10
1022: 19, 41, 59, 84
1023: 4, 32, 35, 40, 45, 88, 89, 90, 96
1024: 0, 85, 91
1028: 6, 13
103: 14, 18, 31, 36, 38, 39, 46, 87, 96
1030: 13, 28, 32, 34, 35, 36, 39, 40, 41, 42, 45, 57, 62, 69, 83, 88, 94, 95, 96
1034: 20
1035: 60, 65, 74
1036: 14
1037: 84
1038: 28, 94
104: 1, 32, 47, 75, 94
1042: 58, 62, 63
1044: 38
1045: 19, 28, 33, 34, 41, 42, 52, 57, 59, 69, 83, 84, 94
1048: 14
105: 14, 32, 40, 49, 88, 94, 97
1050: 88
1051: 50, 58, 62, 63, 68, 70, 76, 78
1054: 34, 41, 42, 51, 57, 69, 72, 80, 85, 94
1055: 1, 32, 35, 40, 64, 74, 75, 88, 96
1056: 1, 75
1057: 90
1058: 9, 10
1059: 9
106: 32, 38, 40, 46, 47, 99
1060: 9
1061: 7, 18, 19, 36, 38, 39, 46, 87, 96
1062: 47, 88, 97, 99
1063: 32, 94, 97
1068: 3, 8, 31, 95
1069: 3
107: 32, 88, 94, 97, 99
1070: 3
1071: 40, 86
1074: 74
1075: 74
1077: 28, 57, 59, 84
1078: 17
1079: 91
108: 47, 99
1081: 32, 35, 43, 56, 75, 80
1082: 32, 35, 38, 43, 47, 56, 75, 80
1083: 23, 35, 38, 43, 47, 56, 61, 64, 65, 74, 75, 80, 88, 97, 99
1084: 28, 34, 41, 42, 57, 58, 69, 83
1085: 18, 35, 36, 38, 39, 40, 46, 54, 56, 61, 87, 88, 96, 97, 99
1086: 13, 18, 30, 35, 36, 38, 39, 40, 45, 46, 54, 56, 64, 74, 75, 87, 96
1087: 18, 32, 35, 36, 38, 39, 40, 46, 47, 87, 88, 96
1088: 32
1089: 17, 39
109: 88, 94, 97
1090: 13, 32, 35, 40, 88, 96
1091: 17, 27, 33, 37, 48, 52, 58, 72
1094: 28, 57, 65
1097: 32
1098: 39, 75
11: 10, 21
110: 47, 75, 88, 94
111: 32, 35, 40, 47, 87, 88, 96, 97, 99
1112: 74
1115: 36, 62
1116: 84
1117: 24
1118: 24, 25, 28, 29, 33, 52, 67, 68, 76, 77, 78
1119: 24
112: 32, 35, 40, 47, 49, 87, 88, 96
1123: 38, 49, 75
1124: 67, 76, 77, 78
113: 38, 46, 47, 87, 88, 99
1131: 67, 76, 77, 78
1133: 24
1135: 32, 35, 40, 88, 96
1137: 24
114: 38, 50, 60
1140: 24
1141: 24
1143: 17
1144: 25, 37, 38, 51, 76, 77
1146: 9
1147: 40, 86
1148: 21, 73, 82
115: 4, 45
1151: 1, 31, 32, 35, 39, 82, 89
1152: 15, 62
1153: 91
1154: 34, 41, 42, 43, 51, 56, 60, 69, 72, 80, 94, 95
1160: 39
1161: 84
1168: 36, 39
117: 57, 67
1171: 37
1172: 75
1173: 30, 43, 47, 61
1174: 32
1175: 28, 67, 68
118: 20
1182: 18, 36, 38, 39, 46, 87, 96
1184: 61, 66
1186: 14
1187: 14, 38, 60, 61, 66, 82, 99
1188: 14
119: 23, 73, 74
1194: 18
1195: 28, 34, 37, 41, 42, 51, 52, 57, 69, 83, 85
1196: 89
1197: 89
1199: 18
12: 9, 11, 51, 64, 78, 88
120: 38, 66, 82
1200: 18, 36, 38, 39, 46, 54, 87, 96
1201: 28, 34, 35, 38, 41, 42, 43, 56, 57, 69, 75, 80, 83
1202: 71
1203: 3, 8, 30, 31, 45, 95
1207: 38, 49
1208: 90
1209: 39
121: 12, 17, 75
1210: 36, 46, 47
1211: 6
1212: 6
1213: 65, 74
1214: 3
1215: 85
1216: 78, 91
1217: 92
1218: 71
1219: 2, 4, 61, 89, 90
122: 23, 73, 74
1220: 84
1221: 89
1223: 36, 39
1224: 24
1227: 4, 9, 21, 73, 82, 89, 90
1229: 55, 89
123: 95
1230: 9
1231: 28, 57
1232: 25, 34, 41, 42, 51, 69, 72, 80, 94
1235: 14, 28, 34, 39, 41, 42, 57, 69, 83
1240: 30, 35, 40, 45
1242: 8
1247: 8, 91
125: 17
1254: 47
1255: 43, 49, 51, 56, 60, 72, 74
1256: 47, 87, 88
1257: 4, 9
1258: 9, 91
1260: 32, 35, 36, 40, 47, 88, 96
1264: 17
1265: 62
1266: 6, 78, 91
1268: 2, 8, 19, 41, 59, 60, 61, 84
1269: 55, 90
127: 17
1270: 47
1273: 32, 38, 47, 88
1274: 18, 36, 38, 39, 40, 46, 61, 87, 96
1275: 13, 32, 35, 36, 39, 40, 47, 88, 96
1276: 32, 35, 36, 40, 88, 96
1277: 18, 36, 38, 39, 40, 46, 49, 87, 96
1278: 18, 32, 35, 36, 38, 39, 40, 46, 47, 56, 87, 88, 96
1279: 25, 44, 48, 53, 72
1280: 13, 18, 32, 35, 36, 38, 39, 40, 46, 49, 87, 88, 96
1281: 28, 33, 34, 41, 42, 51, 52, 57, 58, 69, 72, 80, 83, 94
1282: 27, 56, 68, 72, 74, 78
1283: 17, 33, 38, 40, 48, 49, 52, 58, 88, 96
1284: 88, 94, 97
1285: 28, 32, 34, 35, 38, 40, 41, 42, 46, 47, 49, 54, 57, 69, 83, 88, 95, 96, 97, 99
1286: 32, 35, 40, 47, 60, 88, 96
1287: 18, 32, 35, 36, 38, 39, 40, 46, 47, 49, 75, 87, 88, 94, 96
1288: 99
1289: 39, 97
129: 17, 19, 41, 59, 84
1290: 39, 88
1291: 14, 31, 47, 88, 97, 99
1293: 88, 90
1294: 37, 50, 62, 68, 70, 71, 74, 76, 77, 78, 80, 81, 83, 88
1295: 34, 41, 42, 51, 64, 69, 72, 74, 75, 80, 88, 94
1296: 88, 94, 97, 99
1297: 64, 72, 74, 75, 88, 94
1298: 17, 33, 34, 41, 42, 48, 51, 52, 58, 69, 72, 80, 90, 94
1299: 17, 33, 48, 52, 58
13: 12, 23, 65, 75, 85, 96
1300: 38, 46, 47, 75, 88, 94, 97, 99
1301: 18, 36, 38, 39, 40, 46, 47, 87, 88, 96, 97, 99
1302: 9, 17, 18, 32, 35, 36, 38, 39, 40, 46, 47, 86, 87, 88, 90, 96, 97, 99
1303: 17, 74
1304: 18, 36, 38, 39, 46, 47, 87, 96
1305: 9
1306: 9
1307: 53, 72
1308: 32, 46, 47
1309: 2, 59, 84
131: 39, 49, 95
1310: 87
1312: 32, 94, 99
1313: 18, 36, 38, 39, 40, 46, 47, 85, 87, 94, 96, 99
1317: 73, 82
1318: 89
1319: 14, 88
132: 1, 13, 40, 75
1320: 98
1321: 3, 8, 14, 31, 95
1322: 10
1326: 77
1327: 29, 33, 37, 38, 44, 50, 52, 60, 62, 68, 70, 76, 78, 85
1329: 14, 20
133: 27, 39
1330: 36, 62
1331: 92
1333: 14
1334: 32
1335: 32, 35, 40, 47, 87, 88, 96
1337: 47, 54, 98, 99
1338: 18, 32, 36, 38, 39, 46, 47, 54, 87, 96, 97, 99
1339: 31, 88, 95
134: 27, 72
1340: 47
1341: 32, 38, 40, 47, 49, 88
1342: 98
1343: 98
1344: 18, 36, 38, 39, 46, 47, 87, 96
1345: 94, 99
1346: 32, 38, 47, 88
1347: 18, 36, 38, 39, 40, 46, 47, 87, 88, 96, 98
135: 60, 66, 69, 70, 71, 72
1352: 30, 32, 40
1353: 73, 82
1354: 8
1358: 28, 60, 66, 69, 70, 71, 72, 94
1359: 30, 35, 40, 45, 73, 82
136: 39
1360: 73, 82
1361: 1, 23, 31, 61, 64, 65, 74, 75
1362: 12, 75
1363: 12, 17, 33, 48, 52, 58, 75
1364: 85, 90
1365: 4, 89, 90, 95
1366: 17, 33, 48, 52, 58
1367: 17, 33, 48, 52, 58
1368: 17, 33, 48, 52, 58
1369: 47
137: 1, 3, 8, 13, 23, 31, 61, 64, 65, 74, 75, 95
1370: 17
1371: 55
1372: 17
1373: 47
1380: 18, 36, 38, 39, 46, 60, 87, 96
1381: 25
1382: 25, 67, 76, 77, 78
1383: 17
1385: 25
1386: 14, 20, 47, 88, 94, 95, 98, 99
1387: 14, 88
139: 1, 14, 75
1390: 4, 9, 32, 35, 40, 88, 89, 90, 96
1391: 74
1392: 15
1393: 29, 70, 74, 76, 77, 78, 79, 80, 81, 82
1394: 41
1395: 78, 91
1396: 17, 33, 48, 52, 58, 90
1397: 30, 32, 35, 40, 45, 75, 86, 88, 96
1399: 20
14: 13, 45, 60
1400: 3, 4, 23, 61, 64, 65, 73, 74, 75, 82
1401: 35, 56, 80
1402: 2, 60, 66, 69, 70, 71, 72, 74
1404: 23, 61, 64, 65, 74, 75
1405: 38
1407: 3, 8, 31, 41, 95
1408: 14, 94, 95, 97
1409: 24
1410: 58, 60, 62, 66, 69, 70, 71, 72, 73, 82
1413: 56, 74
1414: 1, 29
1415: 58, 62, 63
1416: 35, 45, 60, 61, 66
1417: 30, 32, 35, 40, 45, 56, 60, 61, 66, 69, 70, 71, 72, 80, 88, 96
1418: 35, 47, 54, 56, 61
1419: 44, 50, 61, 68, 70, 76, 78, 85
1421: 37, 51, 78
1422: 72
1423: 21
1424: 6, 13, 73, 82
1426: 2, 38, 49, 58, 61, 62
1427: 25, 50, 53, 68, 70, 72, 76, 78
1428: 18, 32, 35, 36, 38, 39, 40, 46, 87, 88, 96
1429: 74
143: 10
1430: 74
1431: 15, 29, 70, 74, 76, 77, 78, 79, 80, 81, 82
1432: 32, 35, 40, 75, 88, 96
144: 50, 60
1441: 91, 93
1443: 76, 78
1444: 18, 36, 38, 39, 40, 46, 87, 88, 96
1445: 3, 8, 31, 56, 74, 95
1446: 36, 62
1447: 36, 62
1448: 29, 33, 37, 72
145: 9, 17
1450: 45
1451: 1, 23, 30, 73, 74, 75
1453: 7, 19
146: 72
1469: 75
147: 40
149: 60, 69, 71, 74
15: 14, 31, 64
15-20%: 61
150: 37, 39, 51, 52, 53
152: 1, 12, 14, 41, 65, 75, 95
153: 13, 70, 71, 72, 73, 74, 76, 77, 78, 80, 81, 82, 85
154: 15, 29, 70, 74, 76, 77, 78, 79, 80, 81, 82
155: 1, 32, 75, 88
156: 64, 70, 71, 72, 73, 74, 75, 76, 77, 78, 80, 81, 82, 85
157: 27, 88
158: 1, 4, 26, 73, 82, 89, 90
16: 15
160: 71
161: 32, 35, 75, 89, 94
162: 3, 64
163: 3, 8, 31, 32, 35, 40, 88, 95, 96
164: 17, 33, 48, 52, 58
165: 28, 57
166: 36, 62
167: 9, 47
168: 20, 50, 68, 70, 76, 78
17: 11, 16, 72
170: 13, 47, 96, 98
171: 7, 19
172: 2, 19, 41, 57, 59, 61, 84
174: 25, 44
175: 25, 28, 33, 37, 38, 44, 49, 50, 52, 56, 58, 60, 61, 62, 63, 66, 67, 68, 69, 70, 71, 72, 76, 77, 78, 80, 81, 83, 85
176: 25, 29, 50, 56, 60, 68, 70, 72, 74, 76, 78
177: 23, 74, 77, 79
179: 29
18: 0, 17, 33, 48, 52, 58
180: 77
181: 30, 35, 40, 45
182: 30, 35, 40, 45
183: 1, 30, 32, 35, 40, 45, 75, 88, 89, 96
184: 30, 32, 35, 40, 41, 45, 56, 75, 88, 89, 96
1841-1868: 19
185: 35
1876: 0, 19
189: 86
1890: 8
19: 11, 18, 32, 36, 38, 39, 43, 46, 78, 87, 96
190: 9
1920: 24
193: 30, 32, 35, 40, 41, 45, 56, 75, 88, 89, 96
1935: 24
1936: 24
194: 85
1940-1970: 93
195: 1, 30, 35, 40, 45, 56, 75
1950: 96
1956: 4, 18
1958: 17
196: 40, 86
1960: 3, 96
1961b: 17
1965: 75
1966: 17, 74, 75
1967: 74
1968: 12
197: 65
1970: 8, 16
1971: 0, 11, 17
1972: 11
1973: 11
1974: 17
198: 30, 32, 35, 36, 40, 45, 75, 88
199: 32, 35, 40, 88, 89, 96
2: 1, 2, 3, 4, 8, 9, 10, 14, 15, 17, 18, 19, 20, 21, 23, 24, 25, 27, 28, 29, 30, 31, 32, 33, 34, 35, 36, 37, 38, 39, 40, 41, 42, 43, 44, 45, 46, 47, 48, 49, 50, 51, 52, 53, 54, 55, 56, 57, 58, 59, 60, 61, 62, 63, 64, 65, 66, 67, 68, 69, 70, 71, 72, 73, 74, 75, 76, 77, 78, 79, 80, 81, 82, 84, 85, 86, 87, 88, 89, 90, 91, 92, 94, 95, 96, 97, 98, 99
20: 7, 19, 41, 59, 84
200: 63
2000: 23
201: 30, 32, 35, 40, 45, 56, 75, 88, 89
202: 17, 32, 33, 35, 41, 48, 52, 58, 89
203: 1, 32, 35, 40, 56, 75, 88, 89, 96
204: 1, 32, 35, 56, 75, 85, 88, 89
205: 32, 35, 56, 89
2050: 99
206: 30, 45, 60, 66, 69, 70, 71, 72
207: 3, 4, 8, 30, 31, 45, 60, 66, 69, 70, 71, 72, 95
208: 30, 45, 60, 66, 69, 70, 71, 72
209: 32, 35, 89
21: 20, 96
210: 1, 23, 32, 35, 40, 54, 61, 64, 65, 74, 75, 88, 96
211: 17, 26, 35, 65, 66, 70, 71, 72, 73, 74, 76, 77, 78, 80, 81, 82, 85
212: 29, 32, 35, 70, 71, 72, 73, 74, 76, 77, 78, 79, 80, 81, 82, 85, 89
213: 12, 17, 33, 48, 52, 58, 64, 74, 75
214: 64, 74, 75
215: 40, 86
216: 86
217: 32, 35, 89
218: 65
219: 40, 54, 86
22: 21, 59
220: 32, 35, 89
221: 40
222: 4, 8, 32, 35, 89, 90
223: 4, 8, 13, 89, 90
224: 17, 33, 48, 52, 58
225: 9, 32, 35, 40, 54, 88, 96
226: 78
228: 18, 72
229: 18, 72
23: 22
230: 21
231: 89
232: 9, 90
233: 18, 32, 35, 36, 38, 39, 40, 46, 47, 49, 56, 87, 96
234: 4
235: 15, 91
237: 13, 19
24: 12, 23, 61, 64, 65, 73, 74, 75, 77, 79
240: 6
242: 10
243: 1, 17, 33, 48, 52, 58
244: 9
245: 3, 4, 12, 23, 63, 70, 71, 72, 73, 74, 76, 77, 78, 80, 81, 82, 85
246: 91
247: 29, 70, 74, 76, 77, 78, 79, 80, 81, 82, 91
25: 24
250: 15
252: 33, 52
253: 18, 36, 38, 39, 46, 87, 96
255: 31
26: 25, 34, 44, 50, 77
261: 28, 67, 68, 89
262: 0, 6
266: 13, 30, 45
267: 32, 35, 56
268: 2, 10
269: 30, 32, 35, 40, 45, 88, 96
27: 26, 66, 73, 82
271: 13
272: 13, 21, 59
273: 73, 82
274: 28, 56, 57, 58, 60, 65, 72
277: 70, 71, 72, 73, 74, 76, 77, 78, 80, 81, 82, 85
278: 23, 45, 61, 64, 65, 74, 75
279: 23, 61, 64, 65, 70, 71, 72, 73, 74, 75, 76, 77, 78, 80, 81, 82, 85
28: 27, 41, 42, 44, 71, 78
280: 23, 45, 61, 64, 65, 70, 71, 72, 73, 74, 75, 76, 77, 78, 80, 81, 82, 85
281: 23, 74, 77, 79
282: 45
284: 32, 35, 89
285: 51
286: 12, 32, 35, 89
288: 73, 82
289: 15, 89
29: 28, 34, 41, 42, 57, 65, 67, 68, 69, 83, 94
290: 45
292: 2, 38, 66, 82
293: 3
294: 32, 35, 89
295: 89
296: 8
297: 8, 95
298: 3, 8, 95
299: 89
3: 2, 3, 6, 13, 17, 23, 24, 25, 28, 29, 30, 32, 34, 35, 36, 37, 38, 39, 40, 41, 42, 43, 44, 45, 46, 47, 48, 49, 50, 51, 54, 55, 56, 57, 60, 61, 64, 66, 67, 68, 69, 70, 71, 72, 73, 74, 75, 76, 77, 78, 80, 81, 82, 83, 84, 85, 87, 88, 94, 95, 96, 97, 99
30: 29, 70, 74, 76, 77, 78, 79, 80, 81, 82, 83
30%: 75
300: 8
301: 8
302: 8, 13
304: 9
305: 9, 10
306: 9
308: 88
309: 25, 42, 74
31: 30, 35, 40, 45
310: 44, 61
312: 88, 94
313: 14, 18, 36, 38, 39, 46, 87, 96
314: 32, 47, 88, 99
315: 25, 34, 44, 50, 68, 70, 74, 76, 78
316: 61
317: 76, 78
318: 18, 61
319: 53, 69, 71, 72
32: 1, 3, 8, 14, 31, 95
320: 60, 76, 78
321: 18
323: 2
324: 18, 26, 68, 78
326: 38, 49, 91
328: 25, 42
329: 18, 43, 56, 74
33: 32, 35, 40, 45, 47, 88, 89, 96
331: 73, 82
332: 65
333: 91
334: 49, 89
336: 23, 73, 74, 77, 79
34: 17, 33, 48, 52, 58
341: 55
343: 99
346: 28, 67, 68
348: 62, 89
35: 25, 28, 34, 41, 42, 51, 57, 69, 72, 80, 83, 94
350: 65
353: 6
354: 89
355: 58, 62
356: 14, 88
357: 17
358: 8, 9
359: 18, 30, 35, 36, 38, 39, 40, 43, 46, 54, 56, 61, 75, 80, 87, 88, 96, 97, 99
36: 30, 32, 35, 40, 45, 56, 88, 89, 96
360: 2, 39, 61
361: 2, 32, 47, 54, 78
363: 5, 29, 61
364: 3, 4, 8
365: 4
367: 32, 45
368: 4, 89, 90
369: 82
37: 18, 36, 38, 39, 46, 62, 87, 96
371: 1, 21, 59
373: 30, 32, 35, 40, 88, 96
374: 63
375: 90, 91
376: 17
377: 18, 36, 38, 39, 40, 46, 87, 96
378: 17
379: 18, 30, 36, 38, 39, 46, 54, 87, 96
38: 37, 51, 74, 83
381: 27, 72, 73, 82
382: 28, 37, 49, 50, 60, 61, 64, 66, 67, 68, 69, 70, 71, 72, 74, 75, 76, 78, 82, 85
384: 87, 88
385: 9
386: 23, 57, 61, 64, 65, 74, 75, 94, 97, 99
389: 27, 42, 43, 56, 60, 62, 70, 85
39: 18, 36, 38, 39, 46, 49, 66, 82, 87, 88, 96
390: 27, 42, 43, 56, 60, 62, 70, 72, 85
391: 88
394: 9
395: 18, 23, 30, 35, 36, 38, 39, 40, 45, 46, 49, 56, 61, 64, 65, 74, 75, 87, 96
398: 23, 61, 64, 65, 74, 75, 94, 97
3rd: 11
4: 3, 4, 8, 17, 23, 25, 29, 31, 32, 33, 35, 38, 40, 45, 47, 52, 56, 57, 60, 64, 67, 76, 77, 82, 88, 95, 96
40: 18, 36, 38, 39, 46, 87, 96
400: 9
401: 58
4020: 55
403: 5
404: 15
406: 90
408: 17, 73, 82
409: 61
41: 30, 32, 35, 40, 45, 46, 49, 88, 96
415: 30, 35, 40, 45, 86
416: 18, 43, 56, 75, 80
418: 3
419: 25, 29, 44, 50, 60, 74, 78
42: 2, 19, 27, 28, 34, 41, 42, 51, 57, 59, 69, 71, 72, 78, 80, 83, 84, 94
420: 25, 34, 38, 41, 42, 44, 51, 67, 69, 72, 76, 77, 78, 80, 94
421: 17, 25, 33, 44, 48, 52, 58, 90
422: 25, 44
429: 37, 51, 90
43: 27, 28, 34, 41, 42, 46, 49, 51, 57, 64, 69, 72, 74, 80, 83, 94
433: 9
434: 29
435: 4, 61, 66, 89, 90
438: 92
439: 47, 90, 95, 97
44: 18, 43, 56, 60, 61, 75, 80
44%: 51
440: 17, 47, 90, 95, 97
441: 18, 50, 68, 74, 78
442: 18
444: 2, 28, 34, 41, 42, 57, 69, 83
445: 28, 34, 41, 42, 56, 57, 69, 72, 83
446: 38, 49
447: 14, 28, 34, 41, 42, 57, 69, 83
448: 50, 68, 70, 76, 78
449: 14, 28, 34, 41, 42, 56, 57, 69, 72, 83
45: 25, 27, 44, 60, 72, 80, 81
450: 18, 43, 56
451: 28, 57, 65
452: 17
453: 17
454: 44
455: 24, 38, 51, 60, 65
456: 3, 8, 31, 47, 94, 95, 97
457: 2, 57, 84
458: 28, 38, 50, 56, 60, 61, 66, 67, 68, 69, 70, 71, 72, 76
459: 9, 17, 60
46: 30, 32, 35, 40, 45
461: 5
462: 61
465: 12, 17, 33, 39, 48, 52, 53, 58, 75
466: 12, 17, 33, 48, 52, 58, 75
467: 17, 57
468: 17, 27
469: 19, 41, 59, 84
47: 18, 36, 38, 39, 40, 42, 46, 47, 49, 64, 74, 87, 96
473: 38, 40, 49
474: 26, 28, 34, 41, 42, 57, 69, 72, 74, 83
475: 1, 12, 14, 28, 30, 31, 65, 75, 94, 99
476: 28, 67, 68
477: 28, 67, 68
478: 28, 67, 68
479: 25, 28, 44, 67, 68
48: 9, 32, 46, 47, 97, 98, 99
480: 28, 33, 48, 50, 52, 53, 67, 68, 70, 76, 78, 85
481: 58, 60, 62, 66, 69, 70, 71, 72
482: 58, 62
483: 29, 44, 50, 60, 61, 66, 68, 69, 70, 71, 72, 76, 77, 78
484: 25, 28, 50, 61, 67, 68, 70, 76, 78
485: 25, 28, 38, 44, 49, 60, 66, 67, 68, 69, 70, 71, 72
486: 27, 28, 34, 41, 42, 44, 49, 50, 57, 68, 69, 70, 71, 72, 73, 74, 76, 77, 78, 80, 81, 82, 83, 85
487: 27, 44, 62
488: 37, 50, 68, 70, 76, 78, 83
489: 37, 76, 78, 83
49: 17, 33, 48, 52, 53, 58
490: 17, 26, 33, 37, 48, 52, 58, 73, 82, 83
491: 17, 26, 33, 37, 48, 50, 52, 58, 60, 68, 70, 73, 76, 78, 82, 83
492: 26, 37, 73, 82, 83
493: 37, 50, 68, 70, 76, 78, 83
494: 37, 83
495: 17, 18, 26, 37, 64, 73, 74, 75, 82, 83
496: 26, 37, 73, 82, 83
497: 26, 37, 73, 82, 83
498: 76, 77, 78
499: 25, 34, 37, 76, 78, 83
5: 0, 1, 3, 4, 7, 8, 10, 12, 17, 22, 23, 26, 27, 28, 29, 30, 31, 32, 34, 35, 38, 40, 43, 48, 50, 54, 59, 64, 66, 68, 69, 73, 78, 79, 80, 81, 82, 83, 85, 86, 89, 90, 91, 93, 98
50: 38, 40, 42, 46, 49, 64, 72, 74
50%: 39
50-year: 15
500: 37, 83
501: 76, 77
502: 62
503: 38, 46, 47, 49, 50, 68, 70, 76, 78
505: 18, 36, 38, 39, 46, 87, 96
506: 17, 33, 48, 52, 58
507: 17, 33, 48, 50, 52, 58, 68, 70, 76, 78
508: 17
509: 50, 53, 68, 70, 72, 76, 78
51: 25, 50, 60, 68, 70, 76, 78
510: 17, 33, 37, 48, 50, 51, 52, 58, 68, 70, 76, 78
511: 17, 18, 43, 56
512: 17, 33, 48, 50, 52, 58, 68, 70, 76, 78
513: 46, 47, 90
514: 17, 27, 37, 74, 85
515: 8
517: 17, 50, 68, 70, 76, 78
518: 27
519: 53, 72
52: 34, 37, 41, 42, 51, 60, 69, 72, 74, 80, 81, 94
520: 17, 37, 50, 68, 70, 76, 78, 85
521: 17, 18, 43, 56
522: 50, 68, 70, 76, 78
523: 17, 74
524: 17, 18
525: 17
526: 17, 60
527: 17, 50, 68, 70, 76, 78
528: 17, 50, 68, 70, 76, 78
529: 17
53: 17, 33, 48, 52, 58
530: 17
531: 50, 68, 70, 74, 76, 78
532: 28, 34, 41, 42, 57, 69, 83
533: 47, 97
534: 9, 17
535: 4, 8
54: 48, 53, 72
541: 9
543: 32, 35, 36, 89
544: 32, 88, 94, 97, 99
545: 32, 35, 40, 47, 88, 96, 99
546: 60, 65
547: 74
55: 54, 85
550: 13
551: 5, 9
552: 1, 32, 35, 40, 75, 86, 88, 96
553: 4, 89
554: 71, 74
556: 0, 91
558: 68, 71
56: 55
560: 14, 18, 32, 36, 38, 39, 46, 47, 87, 88, 96
562: 25, 44, 77
563: 18
564: 25, 27, 41, 44, 71, 78
565: 18, 25, 27, 33, 37, 41, 42, 43, 50, 52, 53, 56, 60, 68, 69, 70, 71, 72, 74, 76, 78
566: 25, 28, 50, 67, 68, 70, 72, 76, 78
567: 18, 43, 56, 61
57: 35, 43, 56, 60, 72, 74, 75, 76, 80
570: 76, 78, 85
571: 25, 34, 42, 67, 83
572: 38, 49, 56, 71, 74
573: 18, 36, 38, 39, 46, 54, 87, 96
574: 14, 59, 72, 84
575: 74, 78
576: 17, 38, 85
577: 25, 50, 56, 60, 68, 72, 74, 78
578: 34, 41, 42, 51, 57, 69, 72, 80, 94
579: 60, 62
58: 28, 34, 41, 42, 57, 65, 67, 69, 83
580: 3, 17, 64, 90
581: 29, 37, 50, 68, 70, 74, 76, 77, 78, 79, 80, 81, 82, 83
582: 34, 37, 41, 42, 51, 69, 72, 75, 80, 88, 90, 94
583: 37, 83
584: 26, 37, 38, 66, 73, 75, 82, 83, 94
585: 19, 41, 59, 84
586: 37, 42, 46, 49, 64, 65, 74, 83, 85
587: 32, 35, 40, 56, 72, 88, 96
588: 32, 35, 89, 90
589: 34, 37, 41, 42, 51, 52, 69, 72, 75, 80, 87, 88, 90, 94
59: 17, 33, 48, 52, 58, 62
590: 28, 57, 67
591: 17, 26, 33, 48, 52, 58, 73, 82
592: 14, 18, 31, 54, 73, 82
593: 65, 77
594: 34, 41, 42, 51, 65, 69, 72, 74, 80, 94
595: 17, 27, 33, 34, 41, 42, 48, 51, 52, 56, 58, 67, 69, 72, 74, 76, 77, 78, 80, 94
596: 50, 56, 62, 68, 70, 74, 76, 78
597: 37
598: 4
599: 19, 41, 59, 84
6: 4, 5, 9, 13, 15, 16, 19, 20, 23, 38, 40, 42, 44, 46, 51, 63, 70, 72, 76, 78, 81, 95, 96, 97
60: 19, 21, 41, 45, 59, 84
600: 62
601: 62
602: 38, 88, 97, 99
603: 17, 33, 37, 48, 50, 51, 52, 58, 68, 70, 76, 78, 90
604: 17, 33, 48, 52, 57, 58, 61
605: 32, 35, 38, 40, 88, 96
606: 60, 65, 73, 74
607: 90
608: 37, 50, 56, 68, 70, 71, 74, 76, 78, 85, 89
609: 17, 28, 57, 74, 90
61: 43, 44, 50, 51, 56, 60, 61, 66, 69, 70, 71, 72
610: 89
612: 17, 89
613: 32, 35, 40, 88, 89, 90, 96
614: 32, 35, 36, 40, 47, 54, 88, 90, 96
615: 4, 27, 89, 90
616: 32, 38, 49
617: 89
618: 18, 36, 38, 39, 46, 87, 90, 96
619: 17, 56, 74
62: 23, 43, 60, 61, 64, 65, 66, 74, 75
620: 89
622: 3, 17, 33, 36, 39, 48, 52, 58, 64
623: 17, 33, 48, 52, 58
624: 32, 35, 89, 94
625: 8, 14, 28, 34, 41, 42, 53, 56, 57, 69, 72, 83
626: 60
628: 71
629: 8, 17, 33, 48, 52, 58
63: 36, 58, 62
6300: 1
631: 8, 17
632: 17, 18, 32, 36, 38, 39, 40, 46, 49, 87, 88, 96
633: 17, 33, 48, 50, 52, 58, 68, 70, 71, 76, 78
634: 8, 56, 72
635: 17, 18, 32, 36, 38, 39, 46, 47, 87, 96
636: 17, 74, 85
637: 17
638: 32, 35, 36, 40, 47, 88, 96
639: 17, 33, 48, 52, 58
64: 63
640: 19, 41, 59, 84
642: 17
643: 56, 71, 72, 85
644: 50, 56, 60, 72, 74, 78
646: 27
649: 56, 72, 74, 78
65: 3, 23, 42, 46, 49, 61, 64, 65, 74, 75
651: 32
652: 19, 41, 56, 59, 72, 84
653: 81
655: 34, 41, 42, 51, 69, 72, 75, 80, 94
656: 28, 34, 41, 42, 51, 57, 69, 72, 80, 88, 94
657: 34, 41, 42, 51, 69, 72, 80, 90, 94
658: 14, 23, 61, 64, 65, 74, 75, 95
659: 17, 33, 37, 48, 50, 52, 58, 68, 70, 71, 76, 78, 83, 85
66: 12, 23, 28, 57, 61, 64, 65, 74, 75, 78
660: 25, 28, 34, 41, 42, 50, 53, 56, 57, 60, 68, 69, 72, 74, 78, 83
661: 25, 27, 29, 41, 42, 44, 71, 78
662: 25, 38, 44, 50, 60, 68
663: 25, 27, 41, 44, 71, 78
664: 12, 25, 34, 44, 50, 60, 65
665: 2, 19, 41, 59, 84
666: 25, 29, 34, 38, 70, 74, 76, 77, 78, 79, 80, 81, 82
667: 18, 32, 35, 36, 38, 39, 46, 56, 87, 96
67: 26, 38, 60, 61, 66, 69, 70, 71, 72, 82
673: 33
674: 33, 52
676: 17, 33, 48, 52, 58, 60
68: 28, 57, 67, 68, 76, 77, 78, 83
680: 28, 33, 52, 67, 68
683: 57, 67
684: 23, 73, 74
685: 88, 90
686: 90
689: 28, 57, 67
69: 28, 50, 67, 68, 70, 76, 78
691: 90
696: 3, 64, 90
697: 74
699: 17
7: 2, 6, 17, 18, 24, 35, 41, 52, 53, 55, 62, 65, 67, 87, 89, 96, 99
70: 28, 34, 41, 42, 45, 51, 57, 60, 66, 69, 70, 71, 72, 74, 80, 83, 94
700: 17, 18
702: 9, 17
703: 17
704: 28, 67, 68
705: 3, 17, 64
707: 17
71: 29, 50, 60, 66, 68, 69, 70, 71, 72, 73, 74, 76, 77, 78, 79, 80, 81, 82, 85
711: 17, 33, 48, 52, 58
712: 34
714: 27, 41, 48, 53, 71, 78
715: 33, 50, 52, 68, 70, 76, 78
716: 23, 31, 61, 64, 65, 74, 75
717: 58, 62, 63, 82
718: 58, 62
719: 58, 62
72: 27, 41, 60, 66, 69, 70, 71, 72, 73, 74, 76, 77, 78, 80, 81, 82, 85
720: 12, 58, 70, 71, 72, 73, 74, 75, 76, 77, 78, 80, 81, 82, 85
721: 90
722: 17, 33, 37, 48, 51, 52, 58, 87, 88, 90
723: 17, 33, 48, 52, 58, 73, 82
724: 73, 82, 90
725: 90
726: 17, 33, 37, 48, 52, 58, 74
727: 17, 90
728: 3, 17, 33, 48, 52, 58, 64
729: 3, 17, 64
73: 34, 41, 42, 44, 51, 53, 56, 60, 66, 69, 70, 71, 72, 73, 74, 76, 77, 78, 80, 81, 82, 85, 94
73%: 51
730: 17, 33, 48, 52, 58
731: 9, 17, 33, 48, 52, 58
732: 9, 17, 33, 48, 52, 58
733: 17
734: 17
735: 32, 35, 36, 40, 75, 88, 96
736: 17
737: 61
74: 23, 26, 70, 71, 72, 73, 74, 76, 77, 78, 80, 81, 82, 85
745: 60
746: 33, 52
747: 32, 35, 40, 54, 88, 96
748: 18, 23, 30, 32, 35, 36, 38, 39, 43, 46, 47, 48, 53, 54, 56, 61, 64, 65, 70, 71, 72, 73, 74, 75, 76, 77, 78, 80, 81, 82, 85, 87, 96
749: 18, 36, 38, 39, 46, 87, 96
75: 23, 29, 37, 42, 46, 49, 51, 56, 61, 64, 65, 69, 70, 71, 72, 73, 74, 75, 76, 77, 78, 79, 80, 81, 82, 85
750: 32, 35, 40, 56, 88, 96
751: 18, 32, 35, 36, 38, 39, 46, 54, 56, 61, 87, 96
752: 27, 56, 72, 74, 78
753: 32, 35, 40, 47, 88, 96
754: 17, 50, 56, 60, 68, 70, 72, 76, 78
755: 37
756: 47
757: 47
759: 32, 35, 43, 45, 56, 75, 80
76: 1, 12, 23, 43, 56, 61, 64, 65, 74, 75, 80, 88, 94
760: 1, 30, 33, 35, 36, 40, 45, 52, 75
761: 41
762: 2, 19, 28, 34, 41, 42, 57, 59, 69, 71, 74, 83, 84
764: 4, 18, 28, 34, 36, 38, 39, 40, 41, 42, 46, 57, 69, 72, 83, 87, 96
765: 18, 32, 35, 36, 38, 39, 43, 46, 56, 61, 75, 80, 87, 96
766: 3, 4, 32, 35, 40, 44, 75, 88, 96
767: 13, 30, 32, 35, 40, 45, 56, 88, 96
768: 3, 8, 31, 95
769: 25, 44, 49
77: 29, 50, 56, 67, 68, 70, 71, 72, 73, 74, 76, 77, 78, 79, 80, 81, 82, 85
770: 1, 3, 64
771: 1, 31, 95
772: 13, 40
773: 38, 49, 53
774: 1, 3, 8, 30, 31, 35, 40, 45, 75, 95
775: 1, 32, 35, 40, 75, 88, 96
776: 1, 3, 64
777: 18, 36, 38, 39, 46, 54, 87, 96
778: 18, 30, 32, 35, 36, 38, 39, 40, 42, 43, 45, 46, 49, 54, 56, 61, 64, 74, 75, 80, 87, 96
779: 60, 61, 64, 66, 69, 70, 71, 72, 74, 75
78: 23, 25, 29, 67, 70, 71, 72, 73, 74, 76, 77, 78, 79, 80, 81, 82, 85
780: 49, 53, 56, 60, 66, 68, 69, 70, 71, 72, 74, 78
781: 28, 51, 63, 67, 68, 74, 80, 81, 85
782: 18, 23, 32, 35, 36, 38, 39, 40, 46, 61, 64, 65, 74, 75, 87, 88, 96
783: 3, 8, 12, 31, 63, 65, 95
784: 32, 35, 38, 40, 47, 75, 88, 96
785: 27, 49, 53, 56, 57, 70, 71, 72, 73, 74, 76, 77, 78, 80, 81, 82, 85
786: 3, 32, 70, 71, 72, 73, 74, 76, 77, 78, 80, 81, 82, 85
787: 35, 43, 47, 56, 70, 71, 72, 73, 74, 75, 76, 77, 78, 80, 81, 82, 85
788: 1, 9, 23, 32, 35, 40, 61, 64, 65, 70, 71, 72, 73, 74, 75, 76, 77, 78, 80, 81, 82, 85, 88, 96
789: 1, 23, 32, 35, 40, 61, 64, 65, 70, 71, 72, 73, 74, 75, 76, 77, 78, 80, 81, 82, 85, 88, 96
79: 27, 29, 41, 50, 67, 68, 70, 71, 72, 73, 74, 76, 77, 78, 79, 80, 81, 82, 85
790: 50, 64, 67, 68, 70, 74, 75, 76, 77, 78
791: 3, 8, 18, 32, 35, 42, 43, 46, 49, 54, 56, 64, 70, 71, 72, 73, 74, 76, 77, 78, 80, 81, 82, 85
792: 35, 47, 54, 56, 82
793: 32, 35, 40, 47, 56, 87, 88, 96
794: 32
795: 37, 71, 83
796: 15
799: 3, 8, 31, 32, 35, 51, 62, 74, 80, 81, 89, 95
8: 6, 7, 11, 19, 33, 38, 49, 56, 58, 72, 73, 75, 76, 80, 84, 94, 96
80: 23, 29, 70, 74, 76, 77, 78, 79, 80, 81, 82
80%: 75
800: 32, 35, 40, 56, 88, 89, 96
801: 1, 37, 83
802: 15
803: 2, 14, 19, 41, 59, 84
804: 18, 36, 38, 39, 46, 87, 96
805: 18, 36, 38, 39, 46, 50, 62, 68, 70, 76, 78, 87, 96
806: 74
807: 62
808: 32, 35, 40, 75, 88, 89, 96
809: 17, 33, 48, 50, 52, 58, 68, 70, 76, 78, 90
81: 29, 34, 41, 42, 43, 44, 51, 56, 69, 70, 71, 72, 73, 74, 75, 76, 77, 78, 79, 80, 81, 82, 85, 94
810: 17, 33, 48, 50, 52, 53, 56, 58, 68, 70, 72, 74, 76, 78
811: 3, 4, 8, 31, 32, 95
812: 17, 25, 50, 56, 68, 70, 72, 74, 76, 78
813: 17, 33, 37, 48, 50, 52, 56, 58, 68, 70, 74, 76, 78, 90
814: 17, 28, 33, 48, 50, 52, 56, 57, 58, 60, 68, 70, 71, 74, 76, 78
815: 1, 4, 89, 90
816: 3, 4, 8, 31, 95
817: 9, 50, 68, 70, 76, 78, 85
818: 4, 8
82: 29, 44, 51, 70, 71, 72, 73, 74, 76, 77, 78, 79, 80, 81, 82, 85
820: 9, 17, 27, 33, 37, 48, 52, 58, 85
821: 47
822: 17, 27, 33, 37, 48, 52, 58
823: 3, 4, 8, 9
824: 25, 50, 68, 70, 71, 72, 74, 76, 78
825: 9, 50, 68, 70, 76, 78, 85, 91
826: 9, 17, 60
827: 9, 17, 27, 37
828: 9, 17, 33, 48, 52, 58, 75, 88
829: 27, 56, 72
83: 26, 29, 38, 66, 70, 71, 72, 73, 74, 76, 77, 78, 79, 80, 81, 82, 85
830: 37, 51, 56, 72
831: 9, 47
834: 63, 73, 82
835: 18, 23, 63
837: 12, 23, 61, 64, 65, 74, 75
838: 15, 29, 70, 74, 76, 77, 78, 79, 80, 81, 82
839: 1, 12, 65
84: 28, 34, 37, 41, 42, 57, 67, 69, 83
840: 80
841: 73, 82
842: 3, 4, 82
843: 3, 8
844: 3, 8
846: 2, 8
848: 63
849: 23, 63
85: 19, 41, 59, 84
850: 23, 52, 63
851: 18, 23, 63
852: 23, 63, 74, 77, 79
853: 23, 27, 29, 44, 61, 70, 74, 76, 77, 78, 79, 80, 81, 82
854: 23, 74, 77, 79
855: 23, 74, 77, 79
86: 70, 71, 72, 73, 74, 76, 77, 78, 80, 81, 82, 85
860: 73, 82
861: 15
862: 18
863: 15, 62
864: 15, 62
866: 17
868: 89
869: 89
87: 86
870: 17, 33, 44, 48, 52, 56, 58, 74, 90
872: 89
873: 17
875: 18, 43, 56, 61
877: 17
879: 17, 33, 48, 52, 58
88: 18, 36, 38, 39, 46, 87, 88, 96
88%: 75
881: 9
883: 61, 91
886: 9, 55
887: 9, 55
889: 54
89: 32, 35, 38, 40, 75, 87, 88, 96, 97, 99
891: 30, 35, 40, 45
892: 6, 55
893: 18, 28, 34, 36, 38, 39, 40, 41, 42, 43, 46, 49, 51, 54, 56, 57, 61, 69, 75, 80, 83, 87, 96
894: 43, 50, 56, 68, 70, 74, 76, 78, 85
895: 27, 56, 72
897: 15, 89
9: 3, 8, 31, 36, 37, 40, 95
90: 4, 32, 35, 89, 90
901: 28, 57, 71
902: 20
905: 30, 32, 35, 40, 45, 88, 96
907: 2, 12, 23, 36, 41, 49, 59, 60, 61, 62, 65
908: 21
909: 7, 19
91: 4, 89, 90
911: 2
913: 3, 8, 31, 95
914: 12, 75
915: 3, 4, 8
918: 7, 19
919: 9
92: 0, 91
920: 9
921: 9
922: 63
925: 3, 4, 23, 30, 32, 45, 61, 63, 64, 65, 70, 71, 72, 73, 74, 75, 76, 77, 78, 80, 81, 82, 85
928: 56, 74
93: 92
930: 91
934: 21
938: 89
939: 89
94: 93
941: 91
942: 9
943: 45
944: 4
947: 9
948: 4, 9, 32
95: 28, 34, 41, 42, 51, 69, 72, 75, 80, 94, 97, 99
950: 91
951: 95
952: 13, 18, 30, 35, 36, 38, 39, 40, 45, 46, 47, 87, 95, 96
953: 30, 32, 35, 40, 45, 47, 88, 96
954: 21
955: 23, 73, 74
956: 62, 71, 74, 78
957: 4, 73, 82, 89, 90
958: 38, 42, 46, 49, 64, 74, 90
959: 3, 4, 32, 35, 89
96: 3, 8, 31, 95
960: 3, 4
961: 3, 4, 8, 31, 71, 74, 95
962: 3, 4, 8, 31, 95
963: 56, 62, 74, 89
964: 3, 4, 8, 30, 31, 35, 40, 45, 95
965: 40, 49
966: 49, 78
967: 28, 57, 65, 94
968: 3, 8, 12, 30, 31, 35, 40, 45, 65, 95
97: 18, 32, 35, 36, 38, 39, 40, 46, 87, 88, 96
976: 26, 73, 82
977: 1, 30, 32, 35, 40, 45, 75, 88, 96
978: 91
979: 63
98: 47, 88, 94, 97, 99
980: 58, 62
981: 3, 60, 63, 64, 66, 69, 70, 71, 72
982: 60, 63, 66, 69, 70, 71, 72
983: 32, 35, 40, 45, 88, 96
984: 23, 70, 71, 72, 73, 74, 76, 77, 78, 79, 80, 81, 82, 85
985: 2
986: 37, 83
987: 62, 90
988: 62, 90, 91
989: 15, 62
99: 45, 98
990: 56, 74, 89
991: 56, 74, 89, 91
992: 89, 90
994: 8
997: 44, 78, 91
[267]: 3
a: 0, 1, 2, 3, 4, 5, 6, 7, 8, 9, 10, 11, 12, 13, 14, 15, 16, 17, 18, 19, 20, 21, 22, 23, 24, 25, 26, 27, 28, 29, 30, 31, 32, 33, 34, 35, 36, 37, 38, 39, 40, 41, 42, 43, 44, 45, 46, 47, 48, 49, 50, 51, 52, 53, 54, 55, 56, 57, 58, 59, 60, 61, 62, 63, 64, 65, 66, 67, 68, 69, 70, 71, 72, 73, 74, 75, 76, 77, 78, 79, 80, 81, 82, 83, 84, 85, 86, 87, 88, 89, 90, 91, 92, 93, 94, 95, 96, 97, 98, 99
abbreviations: 96
ability: 31, 42, 89
able: 42, 64
about: 3, 5, 7, 9, 22, 23, 47, 51, 57, 61, 64, 67, 75, 83, 91, 95, 99
above: 79
abroad: 0
abstract: 5, 44, 48
abstract-publishing: 5
abstracting: 5, 25, 36, 82
abstractors: 5
abstracts: 5, 34, 42, 44, 64, 69, 76
abundant: 24
academic: 3, 6, 7, 9
academy: 79
accept: 48
acceptable: 16
acceptance: 27, 55
accepted: 13, 24
access: 8, 9, 75, 77, 79, 85, 91
accessibility: 79
according: 38, 45, 48, 49, 75
account: 1, 18, 60, 69
accounting: 73
accounts: 96
accuracy: 82
accurate: 32
accurately: 48
achievable: 71
achieve: 90
acknowledgement: 47
acknowledges: 10
acquaintance: 7
acquired: 7
acquiring: 9, 11
acquisition: 10, 11, 16
acquisitions: 10
acronym: 91
action: 60
actions: 84
active: 90
actively: 21
activities: 5, 21, 89, 93
activity: 13, 95
acts: 1
actual: 15, 30, 47, 56
ad-669204: 12
ad695049: 12
adaptive: 48, 87
adaptively: 20
added: 79, 85
adding: 46, 48, 77
addition: 15, 30, 45, 52
additional: 8, 46
additionally: 17
address: 12
addressed: 95
adequate: 16, 29
adequately: 75
administration: 7, 13, 16, 22
admiration: 7
admittedly: 27
admonition: 7
adopt: 41
adopting: 15
adumbrated: 18
advanced: 15, 27
advancement: 21
advances: 4, 16, 19, 20
advancing: 16, 92
advantages: 48, 60, 79
adventures: 16, 18
affect: 8, 15
affecting: 23
afford: 13, 46
aforementioned: 96
after: 17, 19, 87, 99
against: 18
age: 16, 19
agencies: 17
aggression: 20
aggressive: 20
aggressivity: 20
agree: 43, 78, 80, 92
agreement: 27
agreements: 83
ahead: 16
aid: 45, 77, 93
aim: 11, 51
algebra: 24
algebraic: 24
algebraists: 24
algebras: 24
algorithms: 76
alice: 27
all: 1, 3, 4, 5, 9, 16, 27, 44, 47, 51, 57, 58, 67, 75, 78, 84, 85, 86, 88, 89, 90, 91, 95
allen: 14, 95
allocation: 66, 88
allowing: 77
allows: 60, 84
almost: 51, 58, 93
alone: 37
along: 2, 96
alphabetic: 85
alphabetical: 92
already: 77, 89, 91
also: 1, 3, 13, 22, 24, 33, 44, 45, 70, 76, 77, 78, 79, 80, 88, 96
alternative: 41
although: 3, 4, 27, 50, 58, 81, 92
am: 12
ambiguity: 27, 87
ambiguous: 87
america: 19, 93
american: 19, 21, 92, 93, 96
ames: 48
ammi: 19
among: 22, 31, 39, 47, 67, 87, 88, 91, 94, 95
amount: 26, 35, 60, 81
ample: 79
an: 1, 2, 8, 10, 11, 12, 15, 16, 18, 19, 21, 24, 25, 26, 27, 29, 30, 31, 34, 36, 38, 39, 41, 46, 48, 50, 51, 56, 61, 63, 65, 66, 67, 68, 69, 77, 80, 83, 87, 89, 93, 98, 99
analogous: 20, 80
analogy: 32
analysis: 1, 3, 8, 16, 26, 41, 66, 70, 72, 75, 78, 80, 81, 82, 96
analytic: 49
analytical: 8, 84
analyze: 5
analyzed: 75, 80
ancient: 27
and: 0, 1, 2, 3, 4, 5, 6, 7, 8, 9, 10, 11, 12, 13, 14, 15, 16, 17, 18, 19, 20, 21, 22, 23, 24, 25, 26, 27, 29, 30, 31, 32, 33, 34, 36, 39, 40, 41, 42, 43, 44, 45, 47, 48, 49, 50, 51, 52, 53, 54, 55, 57, 58, 59, 60, 61, 62, 63, 64, 65, 66, 67, 68, 69, 70, 71, 72, 73, 74, 75, 76, 77, 78, 79, 80, 81, 82, 83, 84, 85, 86, 87, 88, 89, 90, 91, 92, 93, 94, 95, 96, 97, 98, 99
anderson: 48
animal: 20
animals: 20
annotated: 15
annual: 12
another: 40, 45, 93, 95
answer: 28, 34, 67, 83
answer-providing: 67, 83
answering: 57
answers: 59, 67, 83
anticipate: 99
antiquity: 93
any: 0, 2, 9, 15, 20, 21, 27, 43, 48, 50, 56, 57, 65, 67, 77, 88, 93
anything: 23
apa: 97
apparatus: 24
apparent: 42
apparently: 67
appear: 0, 16, 43
appearance: 19, 64
appears: 61, 99
appendix: 5
applicability: 16, 51, 84
application: 15, 16, 18, 46, 61
applications: 66
applied: 18, 23, 24, 54, 72, 94, 95
apply: 84, 88
applying: 29
apprehension: 97
apprenticeship: 7
approach: 8, 30, 41, 45, 79
approaches: 92
appropriate: 19, 90, 95
approximate: 67
approximated: 50
approximately: 64
april: 12
apt: 7
arbitrary: 24
architects: 6
architectural: 6
are: 1, 2, 5, 9, 10, 13, 15, 16, 21, 22, 23, 24, 25, 27, 28, 29, 30, 31, 33, 42, 44, 46, 47, 48, 49, 50, 54, 55, 57, 59, 60, 61, 63, 64, 65, 66, 67, 68, 70, 71, 75, 79, 80, 81, 82, 84, 85, 86, 87, 88, 89, 91, 92, 94, 95, 96, 98
area: 16, 79
areas: 11, 15, 22, 83, 95
argue: 58
argued: 51
arguments: 15
arising: 42
arouse: 8
arranged: 61
arrangement: 43, 89
arrive: 63
art: 72, 79, 82
artandi: 76
article: 16, 25, 37, 41, 45, 59, 63, 64, 75, 90, 97
articles: 9, 15, 16, 27, 64, 75, 76
artist: 79
as: 0, 1, 2, 4, 6, 7, 10, 11, 12, 13, 15, 16, 17, 18, 19, 20, 22, 23, 24, 26, 27, 33, 36, 40, 42, 43, 45, 46, 49, 51, 52, 56, 57, 60, 61, 63, 64, 66, 67, 69, 75, 77, 78, 79, 80, 81, 83, 84, 87, 88, 89, 91, 93, 96, 98, 99
asheim: 21
ask: 59
asked: 83
asking: 51
aspect: 1, 53, 65, 94
aspects: 3, 5, 88, 94, 97
assembly: 11
assessed: 88
assessing: 16, 61
assessment: 72
assign: 65
assigned: 44, 48
assignment: 46
assigns: 80
assistance: 93
assisting: 16
associated: 25, 41, 70
association: 19, 21, 25, 46, 70, 96
associations: 70
assumed: 8, 61, 81
assumption: 21, 81
assumptions: 50, 76, 87
at: 1, 4, 11, 21, 30, 40, 45, 47, 61, 71, 73, 79, 88, 91, 95
attacks: 20
attain: 48, 89
attempt: 0, 6, 12, 17, 63
attempting: 83
attempts: 6, 60, 66, 97
attendance: 30
attention: 15, 19, 46, 47, 58, 88, 94
attitude: 7
attitudes: 3
attributing: 27
augmentation: 9
author: 18, 24, 51, 52, 63, 75, 84, 87, 88, 92
author-: 51
authors: 25, 40, 51, 87, 88
automated: 16
automatic: 38, 44, 50, 70, 71, 76
automatically: 33, 76, 78
automation: 5, 10, 16, 65
availability: 11, 82
available: 5, 9, 11, 64, 77, 82, 89, 95
average: 8, 44, 51
avoid: 6
awards: 88
aware: 47
b: 16, 17, 25, 82, 93, 97
back: 24, 27
background: 57, 64, 67
backward: 90
badly: 99
baker: 66
base: 42, 77, 91
based: 9, 16, 30, 33, 39, 41, 43, 50, 60, 63, 67, 78, 80, 88, 89
bases: 42, 69
basic: 3, 8, 11, 21, 24, 29, 36, 42, 75, 95
basis: 42, 66, 76, 84, 92
baumanis: 69
be: 5, 6, 7, 9, 11, 12, 15, 16, 20, 22, 23, 24, 25, 26, 27, 31, 33, 34, 35, 40, 42, 43, 45, 46, 48, 50, 53, 57, 60, 61, 62, 63, 64, 67, 69, 70, 73, 77, 78, 81, 83, 84, 86, 87, 88, 89, 92, 93, 96
bearing: 51
became: 24, 99
because: 13, 22, 45, 48, 50, 57, 67, 98
become: 4, 16, 62, 99
becomes: 20, 96
becoming: 5
been: 0, 4, 5, 13, 15, 16, 24, 26, 30, 37, 40, 58, 60, 63, 65, 66, 69, 78, 81, 82, 93, 94, 95
before: 39, 60, 62
began: 17, 91, 93
beginning: 19
begins: 97
behavior: 20, 47, 66, 98
behavioral: 94
being: 9, 15, 18, 30, 88
believe: 5
believed: 31
bell: 52
belles-letters: 7
belonging: 18
below: 53
ben-ami: 46
beneficial: 8
benefit: 5, 92
benefits: 5, 79
bennet: 77
best: 3, 34, 92
better: 13, 39, 51, 67, 70, 78, 83, 85
between: 2, 7, 11, 18, 27, 32, 33, 34, 38, 43, 44, 47, 49, 61, 62, 64, 70, 71, 76, 81, 85, 95, 98
beyond: 13, 15, 46, 77
bibliographic: 2, 10, 11, 38, 49, 77, 91
bibliographical: 2, 33, 96
bibliographies: 13
bibliography: 15, 37
bibliotheques: 11
bibliotherapy: 16
big: 89
biggest: 91
biographies: 0
biography: 15
biological: 20
biomedical: 51, 63, 75
birkhoff: 24
bits: 91
black-and-white: 79
blau: 92
bodies: 46
bold: 17
book: 6, 10, 13, 16, 18, 20, 22, 45, 79, 92
books: 7, 10, 13, 15, 22, 27, 35, 45, 86, 89, 91
boolean: 53
boom: 17
border: 24
borko: 5, 44, 59
borrowers: 35
both: 5, 11, 14, 27, 47, 66, 77, 78, 81, 92, 96
bourne: 26, 36
braden: 22
bradford: 54, 61, 80
brandhorst: 53
breakdown: 36
brewster: 93
brief: 5, 18
briefly: 0, 18, 29, 40, 67
bring: 99
broad: 39
broader: 21, 31, 93
bromidic: 91
brophy: 4
brought: 13
brown: 6
browsing: 8
buckland: 3
budget: 66
building: 7, 29, 75, 91
buildings: 6
bulk: 9
burton: 32
bush: 30
business: 16
but: 0, 3, 7, 13, 16, 17, 19, 20, 21, 24, 28, 34, 45, 46, 64, 70, 85, 91, 95, 99
by: 4, 5, 6, 7, 8, 15, 17, 18, 19, 20, 21, 23, 24, 25, 27, 28, 29, 30, 32, 34, 35, 36, 37, 39, 40, 41, 44, 45, 46, 49, 50, 51, 56, 60, 62, 63, 64, 70, 71, 72, 73, 74, 75, 78, 84, 85, 86, 87, 88, 90, 92, 94, 95, 96, 97, 99
by-product: 55
bytes: 91
c: 17, 23, 26, 30, 36, 37, 48, 68, 84, 96, 97
calculated: 56
calculations: 4, 60
calculus: 24
call: 5, 21, 90, 95
called: 24, 60, 91, 95
camp: 91
camps: 91
can: 15, 16, 22, 23, 24, 25, 33, 42, 43, 45, 46, 48, 50, 61, 66, 67, 73, 79, 83, 84, 89, 92, 96, 99
canalized: 20
cannot: 2, 27, 70
capabilities: 55
card: 15, 75, 79
cards: 63, 75, 79
career: 5
careless: 27
carlson: 55
carolyn: 69
carroll: 78
carry: 64
case: 6, 15, 69, 83
cases: 6, 13, 48
catalog: 16, 55, 77, 79
cataloger: 77
cataloging: 15, 16, 79, 82
catalogs: 89
catalogue: 15, 35
categories: 35, 44, 46, 80
caught: 16
cause: 67
causes: 4, 63
cell-biologist: 75
census: 39
center: 9, 16, 29, 73, 91
centers: 78
central: 13
centralization: 10
centralized: 10, 15
centre: 11
century: 19, 93, 99
certain: 2, 24, 39, 41, 63, 80, 81, 91, 96, 97
certainly: 16
chance: 18
change: 15, 16
changes: 3
changing: 16
channel: 1, 56, 96
channels: 20
chapter: 5, 13, 15, 20, 99
chapters: 10
characterising: 18
characteristcs: 5
characteristic: 30
characteristics: 27, 73, 96
characterizations: 69
characterized: 19, 85
charged: 11
charles: 19, 39
check-in: 63
chemistry: 84, 85
chemists: 31
children: 16
choice: 18, 99
choices: 69
choose: 77
chosen: 50
circulate: 13
circulation: 13, 45
citation: 40, 46, 47, 48, 75, 96
citations: 40, 42, 46, 75, 88, 96
cited: 10, 40, 46
citing: 46
citizen: 8
claims: 2
claire: 51
clan: 99
clarify: 59, 97
clarke: 11
class: 15, 41
classes: 4
classical: 24, 89
classification: 0, 8, 15, 44, 52, 82
classification-series: 15
classifications: 0, 44
classified: 37, 44
clear: 16, 24, 57, 72, 77
clear-cut: 69
clearly: 64, 95
close: 11
closed-loop: 66
closely: 69
closes: 17
clues: 81
clusters: 48
co-occurrence: 25
co-occurrences: 69
co-occurring: 25
co-operation: 20
co-workers: 87
code: 52
coded: 33
codes: 46, 91
coding: 33
coefficients: 44
coffin: 19
cohen: 14
cole: 88
collaborate: 88
collaboration: 11, 87, 92
collaborative: 92
collaborators: 88
collapse: 41
colleague: 84
colleagues: 1, 51
collect: 7
collected: 9, 64, 75, 97
collection: 7, 9, 11, 45, 50, 58, 60, 75, 77, 85
collections: 1, 32, 70, 79, 91
college: 6, 7, 8, 13, 91
color: 98
com: 73, 76, 78, 85, 88
comaromi: 0
combination: 52
come: 16, 99
command: 77
comments: 52
committee: 3
commodity: 93
common: 18, 58, 79, 92
commonly: 13
communication: 14, 62, 94, 95, 96, 97
communities: 89
community: 9, 86, 90, 97
companies: 17
comparative: 51
compared: 44, 48, 51, 60, 69, 71, 78, 80, 83, 96
comparing: 8, 51
comparison: 31, 42, 49, 56, 69, 71, 76, 79, 85
comparisons: 34, 83, 87
compatible: 33
compiled: 37, 40
complaints: 22
complements: 17
complete: 21, 34, 61
completeness: 82
complex: 4, 16, 89
complexity: 16
component: 66
components: 26, 66
composite: 36, 78
composition: 55
comprehensive: 9, 15, 74
comprises: 18
computation: 76
computational: 44
computed: 44
computer: 4, 5, 16, 26, 40, 44, 48, 55, 63, 78, 79, 89
computer-based: 63, 65
computer-generated: 55
computer-phobes: 91
computer-prepared: 5
computer-produced: 55
computerization: 16, 89
computerized: 29, 73, 91
computerizing: 89
computers: 4
computes: 26
concept: 15, 17, 41, 52, 60, 63, 80, 88, 89, 93
concept-formation: 41
concepts: 5, 8, 10, 16, 18, 29, 41, 84
conceptual: 41
conceptually-similar: 41
concern: 92
concerned: 7, 21, 23, 42, 67, 76, 95
concerning: 28, 32, 67, 71, 75, 81
concerns: 94
conclude: 95
concluded: 75, 81
conclusion: 80
conclusions: 71, 74
concrete: 22
condition: 99
conditions: 42
conduct: 97
conducted: 34, 73, 74, 78
conference: 12
conferral: 47
confined: 9
confirmed: 8
congress: 15, 91
connection: 81
connor: 28, 57, 67, 83
consequences: 41
consider: 41, 66
considerable: 15, 19, 65, 92, 97
consideration: 8, 9, 11, 21, 32, 96
considered: 24, 84
considers: 66
consist: 48
consistency: 42, 44, 80, 81, 82
consistent: 79
consistently: 42
constantly: 7
constants: 98
constitute: 38
constraints: 53
construct: 29
constructed: 70
construction: 30, 70
consult: 31, 89
consumers: 94
consuming: 26
contact: 1
contain: 2
contained: 2, 37, 51
containing: 5
contains: 90
contemporary: 7, 89
content: 7, 34, 67, 70, 77
contents: 75
context: 33, 52, 65, 84
contingency: 44
continually: 7
continue: 0
continues: 91
continuing: 16, 30
contrast: 24
contributing: 5
contribution: 17, 88, 89
contributions: 87, 92
control: 2, 29, 63, 88
controlled: 29, 42
controversial: 16, 19
controversy: 90
conventional: 18, 71
conventions: 29
conversation: 91
conveyed: 22
conviction: 92
cooper: 60, 81
cooperation: 30, 93
copies: 45, 79
copy: 15, 45
copying: 15
copyright: 90
core: 86
cornered: 20
correct: 58
correctness: 67, 83
correlates: 69
correlation: 38, 43, 44, 78, 98
correlations: 98
corresponding: 37
cost: 11, 15, 26, 55, 73, 82
cost-accounting: 73
cost-effectiveness: 55
costs: 16, 26, 79, 82
could: 34, 37, 46, 60, 67, 69, 99
council: 11
counsel: 7
count: 78
counter-example: 81
counteract: 62
counterexample: 81
counting: 75
countries: 16, 39
country: 0, 39, 93
coupling: 38, 49
course: 5, 19, 27
courses: 4
cover: 27
coverage: 9, 36
created: 96
creating: 63
creation: 29, 97
creative: 31
creativity: 31
credit: 87, 88
crisis: 97
criteria: 15, 49, 78
criterion: 38, 45, 51, 78
critical: 7, 16, 28
critically: 17
cross-referencing: 29
crossed: 7
cuadra: 23
cuddly: 12
cultivated: 99
cultural: 20, 31, 89, 93
cumbersome: 26
currency: 33
current: 1, 8, 16, 33, 40, 72, 75
current-awareness: 75
curriculum: 84
curves: 27
cutter: 19
d: 11, 26, 37, 48, 68, 75, 95, 97
damage: 20
damerau: 50
dangerous: 4, 20
darwinian: 20
data: 40, 41, 43, 51, 54, 58, 67, 72, 73, 77, 80, 82, 84, 88, 91, 97
data-gathering: 8
date: 13, 45
day-to-day: 63
days: 89
ddc: 0, 12
de: 11
deal: 2
dealing: 24, 27, 67, 78
deals: 15, 20, 63, 96
dealt: 7
debts: 47
decade: 4
decided: 11
deciding: 15
decimal: 0
decision: 48, 72, 84
decisions: 77
decreased: 48, 75
decreasing: 61
dedicated: 16
deeply: 15
defects: 58
defence: 20
defended: 16
define: 21
defined: 24, 25, 38, 39, 60, 75, 84, 93
defines: 52
defining: 41
definite: 18
definitely: 94
definition: 21, 27, 41, 84
definitions: 8, 41
definitive: 50
degree: 16, 22, 27, 30, 36, 38, 92
delay: 64
deleting: 48
delineated: 94
delivery: 9
delve: 15
demand: 64
democratic: 8
demography: 18
demonstrate: 16, 61
demonstrated: 16
demonstrates: 72
departmental: 66
departure: 63
depend: 57
dependable: 9
depended: 83
depending: 88
depends: 27
deprived: 89
depth: 10, 16
derived: 51, 81
deriving: 92
des: 11
describe: 0, 12, 51, 58, 73
described: 29, 40, 44, 53, 55, 63, 67, 76, 84, 98
describes: 26, 38, 45, 48, 50, 52, 74
describing: 15, 18, 66, 81
description: 17
descriptive: 98
deserves: 5
design: 9, 45, 71, 77, 88
designed: 15, 16, 27, 73, 76, 79
designers: 43
designs: 26
desirable: 72
desired: 60
desk: 1
desmond: 39
despite: 24, 64
destruction: 99
detailed: 0, 5, 15, 16, 49, 58, 79
details: 83
detection: 61
determinant: 88
determination: 45
determine: 34, 45, 61
determining: 16
develop: 9, 93
developed: 9, 51, 56, 57, 61, 66, 73, 76, 78, 80
developing: 16
development: 4, 5, 7, 14, 16, 18, 19, 29, 84, 93, 94, 95
developments: 16, 89
device: 87
devoted: 5, 15
dewey: 0, 19
dexter: 80
diagram: 75
diagrams: 75
dichotomy: 18
dictionary: 37
did: 88
differ: 31, 92
difference: 18, 24, 85, 95
differences: 34, 49, 69, 88, 95
different: 20, 28, 63, 64, 67, 72, 78, 92, 95, 96
differential: 88
differently: 57
difficult: 16, 87
difficulties: 41
difficulty: 3, 31
diffused: 88, 95
diffusion: 88
dimension: 65
dimensions: 16
diminished: 87
direct: 8, 16, 55
directed: 77
directly: 79
disagree: 67
disagreement: 83
disagreements: 57, 83
disappointment: 45
disciplinary: 7, 51
discipline: 84
disciplines: 4, 7, 51, 97
discovered: 24
discoveries: 88
discovering: 35
discovery: 88, 99
discuss: 2
discussed: 5, 10, 16, 39, 40, 41, 46, 49, 57, 63, 65, 66, 67, 68, 83
discusses: 25, 52
discussion: 5, 21, 58, 59, 77, 83, 88, 95
discussions: 27
display: 77
displayed: 79
disseminating: 33
dissemination: 17, 48, 58, 79
distinct: 27, 94
distinction: 33
distinguished: 57
distributes: 61
distribution: 39, 43, 56, 61, 80, 87
diverse: 75
diversity: 75
divided: 39, 91
do: 23, 54, 59, 65, 78, 87, 89, 91
doctrine: 27
document: 25, 27, 33, 44, 48, 50, 51, 57, 60, 67, 68, 70, 71, 77, 82, 83, 85
document-collections: 41
document-statement: 67
documentary: 8
documentation: 53, 83
documents: 1, 33, 34, 41, 42, 43, 50, 51, 57, 60, 61, 67, 69, 70, 77, 78, 83, 85
does: 6, 17, 27, 46, 59
doing: 19
donald: 41
done: 6, 16
doubt: 1, 27, 92
doubtless: 99
dove: 20
doyle: 25
drawn: 75, 88
drive: 20
drives: 20
due: 24
duncan: 92
duplicate: 17
during: 4, 17, 24, 26, 32, 63, 93
dynamic: 19
dynamics: 66
e: 6, 7, 9, 15, 18, 21, 27, 31, 32, 40, 66, 70, 80, 86, 96
each: 13, 18, 28, 44, 48, 51, 61, 63, 69, 75, 78, 83, 88, 92
earlier: 17, 63
early: 88
easier: 16
easy: 29
ecological: 98
economical: 48
economics: 18
editing: 5, 29
edition: 0, 13
editions: 0
editors: 49
education: 4, 21
educational: 90
edward: 76
effect: 45, 70, 88
effecting: 15
effective: 5, 15, 21, 30, 45, 50, 64, 73
effectively: 65
effectiveness: 30, 48, 60, 71, 72, 76
effects: 62, 70
effervescence: 91
efficiency: 56, 61, 74
efficient: 43
efficiently: 13, 15
effort: 5, 61, 89, 90, 92
efforts: 16, 93
eight: 78
eighteenth: 0
eighty-two: 83
either: 4, 14, 93
elaborates: 84
elaboration: 41
electronic: 4
elements: 33, 96
eleven: 44
elizabeth: 79
ellsworth: 6
else: 2, 91
elsewhere: 92
embodied: 18
eminence: 87, 88
eminent: 87
emphasis: 5, 48
emphasize: 92
empirical: 41, 61, 69
employed: 51
employing: 30, 55
enables: 88
enabling: 89
enclosed: 15
encompassed: 21
encourage: 13
encouraging: 50
end: 77
endorsed: 3
ends: 97
engage: 21
engaged: 93
engendered: 7
engineering: 95
engineers: 18
enlarging: 6
enormous: 10
enough: 99
enter: 2, 16
entered: 63
enterprises: 73
enthusiastic: 16
entire: 15
entirely: 33
entries: 37, 43, 46, 48, 89
environment: 66
equal: 44, 88
equally: 64, 77
equations: 27, 81
equilibrium: 48
equipment: 26
equipped: 24
equivalent: 26
era: 19
escape: 20
especially: 5, 27, 86
essay: 2
essays: 7
essential: 15, 16
essentially: 13, 18, 41
establish: 89
established: 8, 36, 51, 84
establishing: 11, 15
establishment: 3, 21
estimate: 36
estimated: 39, 79
estimates: 26
etc: 48, 57, 67, 79
eugene: 29, 43
europe: 11
european: 11
europeennes: 11
evaluate: 9, 17, 74
evaluated: 27, 61
evaluates: 60
evaluating: 18, 56
evaluation: 5, 26, 40, 58, 71, 74, 76, 87
evaluations: 6, 42
even: 1, 16, 26, 47, 91, 99
event: 20
events: 89
eventually: 21
ever: 12
every: 16
evidence: 22
evident: 20, 77
evidently: 8
evolution: 17, 20, 53
exact: 15
examination: 34, 38, 39, 70, 72
examine: 11, 76, 96
examined: 10, 14, 61
example: 16, 26, 77, 92
examples: 5, 6, 15, 57
except: 6, 48, 89
exception: 16
exceptions: 67
excerpta: 64
exchange: 91, 96, 97
excluding: 9
exercise: 46, 87
exercises: 5
exhaustive: 8
exhaustivity: 80
exhibited: 81
exist: 17
existing: 6, 48, 70
exists: 13, 27, 43
expanded: 93
expected: 16, 26, 60, 63, 81, 87
expended: 5, 61
experienced: 4, 81
experiment: 34, 42, 50, 68
experimental: 42, 71, 72, 80
experiments: 70, 78
expert: 12
experts: 16, 83, 86
explain: 88
explained: 15
explications: 57
exploiting: 25, 65
exploration: 21
exploratory: 95
explore: 81
explores: 35
explosion: 4, 47, 62
expressible: 69
expression: 28, 84
extend: 13
extended: 13
extending: 92
extends: 93
extensional: 41
extensive: 64
extensively: 5, 31
extent: 22
extracted: 33
extracting: 68
extracts: 5
extremely: 19, 26
eye: 64, 98
f: 26, 35, 39, 61, 74, 89
face: 6, 89
faced: 18
facility: 53, 77
fact: 67, 87, 92
factor: 44, 58, 60
factors: 40, 57
facts: 16
faculty: 7, 13, 22
failed: 66
fair: 92
fairly: 69
false: 67
fame: 88
familiar: 2, 83
far: 24, 46, 61, 95
farber: 7
fascinating: 20
fast: 16
fatal: 20
favor: 58
feasibility: 11
feasible: 61
feature: 46, 65
features: 9
federal: 12
feedback: 48, 66
fell: 7
felt: 7
ferdinand: 61
few: 16, 17, 24, 58, 99
fiche: 12
fiction: 7
field: 16, 19, 36, 59, 67, 85, 93, 99
fields: 4
fiercer: 20
fighting: 20
figure: 98
figures: 19, 22
file: 61, 75
files: 61
filing: 16
fill: 16
filtering: 62
final: 3, 20
finally: 15
financial: 93
find: 5, 18, 27, 45, 83, 99
finding: 11
findings: 8, 22, 31, 51, 64, 97
finite: 66
first: 0, 4, 13, 16, 24, 41, 61, 70, 83
first-authors: 87
first-authorship: 87
fischer: 52
fit: 54
fitzwater: 48
five: 78, 94
fixed: 27
flow: 14, 15, 84, 94, 95, 96
focus: 19, 88
focused: 9, 47, 94
folk: 91
follow: 61
following: 8, 9, 40, 86
follows: 21
footnote: 47
footnotes: 13
footnoting: 47
for: 2, 3, 4, 5, 6, 7, 8, 9, 10, 11, 13, 15, 16, 18, 19, 20, 21, 23, 25, 26, 29, 31, 33, 39, 40, 41, 43, 44, 45, 47, 48, 50, 51, 56, 57, 58, 60, 61, 62, 63, 64, 65, 66, 67, 68, 69, 70, 71, 73, 75, 76, 78, 79, 80, 84, 85, 86, 87, 88, 89, 90, 91, 92, 93, 94, 96, 98, 99
forces: 23
forcing: 89
ford: 10, 26
forego: 87
foreign: 64, 93
foresee: 23
forever: 99
form: 2, 9, 11, 25, 35, 41, 49, 57, 66, 79, 93
formal: 24, 27, 41, 96
format: 48
formats: 77
formatting: 29
formed: 49, 76
former: 18, 31
forms: 18, 57
formulated: 24
formulating: 57
formulations: 27
forth: 27, 29
forties: 24
forward: 89
found: 13, 16, 20, 41, 60, 64, 69, 70, 78, 82
foundation: 18
founding: 19
four: 34, 78
fourteen: 17
fourth: 64
fraction: 89
framework: 77
frankly: 27
fred: 50, 63
freedom: 77
frequencies: 50
frequency: 40, 70, 75, 78
frequent: 22
frequently: 13, 15, 31, 58
from: 1, 4, 5, 7, 8, 10, 11, 14, 16, 17, 19, 20, 23, 27, 31, 33, 34, 39, 40, 42, 43, 46, 50, 51, 61, 63, 64, 67, 68, 70, 75, 76, 77, 79, 82, 83, 85, 86, 88, 91, 92, 94, 95
fronts: 16
fruitful: 24
frustrating: 15
full: 0, 64, 76
full-time: 5
fully: 13, 45, 71
function: 43, 56, 61, 89
functions: 13, 47, 67
fundamental: 84, 95
fundamentally: 28
funder: 66
funders: 66
funding: 66
funds: 86
further: 83
furthering: 30
future: 0, 16, 23, 31, 52, 71, 79, 99
fuzzy-sets: 80
g: 13, 17, 18, 24, 30, 34, 35, 73, 85, 95
galliher: 30
game: 4
games: 4
gaps: 17
garfield: 40
garvey: 97
gathering: 31
gave: 22
general: 3, 5, 7, 8, 11, 18, 24, 41, 42, 46, 51, 53, 72, 81, 83, 84
generalizations: 92
generalized: 62, 84, 88
generally: 16, 65, 82
generate: 21
generated: 63, 73, 75, 76
generation: 68, 76
generous: 11
genuine: 92
geographic: 79
george: 65, 69
gerard: 71
gertrude: 62
get: 16, 23
getchell: 86
gifford: 69
give: 18, 30
given: 15, 27, 29, 40, 43, 46, 57, 58, 59, 63, 71, 81, 96
giving: 33, 87
go: 61, 88, 99
goal: 30
goals: 79, 84
goes: 13
going: 16, 91
good: 7, 51, 61, 64, 93
goods: 93
gottschalk: 39
governing: 21
government: 17, 93
gradations: 60
gradually: 24
graduate: 5, 85
grant: 11
graphic: 79
great: 2, 18, 19, 90, 99
greater: 5, 14, 16, 31, 88
greatest: 22
greatly: 8
griffith: 97
groos: 54
ground: 17
group: 16, 24, 34, 51, 64, 80, 98
groups: 24, 34, 38, 49, 56, 88, 98
grow: 91
growing: 27
grows: 87
growth: 0, 19, 43
guess: 91, 99
guidance: 8
guide: 6, 21, 32, 77
guided: 20
guy: 7
h: 5, 12, 30, 33, 40, 51, 59, 76, 94
had: 12, 24
half: 25, 51, 64
half-life: 32
hand: 27, 93
handbooks: 1
handle: 4
handling: 79
happy: 91
hard: 92
harmful: 62
harold: 44
harriet: 87
harris: 19
has: 0, 4, 5, 13, 15, 16, 18, 20, 21, 26, 27, 30, 41, 47, 58, 63, 65, 66, 67, 69, 78, 82, 84, 87, 89, 91, 93, 94, 95
have: 0, 4, 12, 13, 15, 16, 19, 27, 31, 37, 40, 45, 58, 60, 61, 62, 65, 66, 67, 81, 84, 92, 94, 95, 97, 99
having: 18, 85
he: 7, 20, 24, 45, 48, 77, 83, 89, 92
heading: 37
healthy: 0
heavily: 88
height: 98
held: 8, 11
helmkamp: 73
help: 11, 32, 59, 77, 97
helpful: 15, 31
helping: 67
hence: 32, 33
herbert: 82
herdan: 18
here: 16, 23, 51, 96
high: 22, 38, 50, 88
high-ranking: 88
higher: 34, 80
highest: 44
highly: 3
hillman: 41
him: 77
his: 0, 7, 8, 18, 20, 46, 51, 75
historians: 99
historical: 5
history: 0, 15, 17, 19, 52, 99
hobgoblin: 81
hold: 11, 21
holdings: 22, 45
homologous: 20
honor: 7
hope: 16, 59
hospitality: 29
hospitals: 86
house: 13
household: 91
houston: 43
how: 5, 6, 16, 20, 22, 23, 49, 63, 77
how-to-do-it: 5
however: 0, 24, 28, 41, 67, 70, 87, 88, 89, 95
human: 20, 41, 42, 48, 62, 65, 78, 89, 95
humans: 42
hundreds: 4
hyman: 8
hypotheses: 47, 81
hypothesis: 73, 88
i: 7, 11, 12, 14, 18, 22, 24, 27, 30, 40, 67, 75
idea: 18, 63
ideas: 8, 75
identical: 37
identifiable: 99
identification: 31
identified: 6
identifier: 33
identifiers: 33
identify: 33
identifying: 78, 79
identity: 59
idiom: 18
if: 1, 2, 13, 20, 23, 67, 80, 84, 88, 91, 95
ignore: 19
ii: 41, 67, 75, 93
iii: 75
illiteracy: 98
illiterate: 98
illustrate: 16
illustrated: 15, 49
illustration: 46
image: 79
immediate: 16, 46
implementation: 17
implemented: 58, 93
implication: 16
importance: 7, 10, 16, 65, 78
important: 5, 6, 7, 16, 23, 24, 58, 75, 80, 88, 92, 93
impossible: 20, 48, 89
impractical: 26, 48
impressed: 7
improve: 62, 79
improvement: 9, 21, 46, 52, 70
improvements: 52
improves: 70
improving: 9, 11, 13, 31
in: 0, 1, 2, 3, 4, 5, 6, 7, 8, 9, 10, 11, 12, 13, 14, 15, 16, 17, 18, 19, 20, 21, 22, 23, 24, 25, 27, 28, 30, 31, 33, 35, 37, 40, 41, 43, 45, 46, 47, 48, 49, 50, 51, 52, 55, 57, 58, 59, 60, 61, 63, 64, 65, 66, 67, 68, 69, 70, 72, 73, 74, 75, 76, 77, 78, 79, 83, 84, 85, 86, 87, 88, 89, 90, 91, 92, 93, 94, 95, 96, 97, 98, 99
in-corpus: 78
in-document: 78
inasmuch: 67
include: 5, 46
included: 8, 9, 15, 39, 82, 88
includes: 5, 13, 66, 76, 95, 96
including: 47, 75, 88
inclusion: 46
income: 98
inconsistency: 42
inconsistent: 28
incorporation: 97
increase: 80, 88
increased: 48, 96
increasing: 87, 94
increasingly: 5, 87
independence: 31
independent: 13, 42, 70, 83, 95
independently: 83
index: 33, 37, 40, 43, 46, 48, 49, 50, 52, 60, 64, 76, 79, 85
indexed: 33
indexer: 77, 80
indexer-controlled: 77
indexers: 78, 80
indexes: 33, 43, 46, 52, 85
indexing: 5, 25, 29, 36, 37, 40, 46, 49, 50, 51, 56, 67, 71, 76, 77, 80, 81, 82
indicate: 22, 34, 73, 83, 88
indicated: 22, 28, 57, 67, 75, 79
indicates: 41, 45, 77, 84
indicative: 81
indicators: 34, 46, 60
indicia: 51
indirect: 75
individual: 7, 27, 78, 87, 89, 98
individuals: 14, 89, 98
indivisible: 98
industrial: 31, 66, 93
industry: 5, 12
inevitably: 2
inference: 57, 67, 83
inferences: 67
inferred: 37, 43, 67, 83
inflation: 62
influence: 19, 88
influenced: 31, 88
influences: 66
information: 1, 2, 3, 5, 11, 14, 16, 17, 22, 26, 27, 28, 29, 31, 32, 33, 36, 40, 46, 48, 52, 53, 56, 58, 59, 61, 62, 63, 65, 66, 71, 72, 73, 77, 78, 79, 80, 84, 89, 94, 95, 96, 97
informative: 46
initial: 17, 88
initially: 9, 48
innate: 20
innovating: 73
innumerable: 20
inquiries: 31
inquiry: 92, 99
inquisitive: 31
insights: 81
insistence: 7
instead: 87
institute: 30, 40
institutions: 99
instruction: 13
instructional: 16
instructions: 5
instrument: 93
instruments: 8
insufficient: 58
integral: 46
integration: 93
intellectual: 8, 11, 47
intensity: 30
inter-indexer: 81
interaction: 14, 77
interactive: 17
interest: 8, 53, 64, 75, 92, 94
interested: 7, 48
interests: 31, 42, 48, 92
interim: 30
interindexer: 81
interlibrary: 9
international: 11
interplay: 94
interpret: 57
interpretation: 18, 41, 58
interpretations: 28
interpreted: 57
interprets: 17
interrelated: 26
interrelation: 38
intervention: 48
interviews: 87
intimately: 24
into: 3, 4, 15, 20, 31, 38, 44, 60, 63, 79, 91, 97
intraspecific: 20
introduced: 4, 88
introduction: 10
introductions: 10
invalid: 81
inventory: 16, 22
investigated: 70
investigating: 24
investigation: 69, 96
invited: 12, 28
involve: 41, 46
involved: 4, 28, 63, 97
involving: 89
irrelevant: 34, 60
irrespective: 9
is: 0, 1, 2, 4, 5, 7, 9, 10, 13, 15, 16, 17, 18, 19, 20, 21, 23, 24, 25, 27, 28, 29, 30, 33, 36, 37, 39, 41, 42, 43, 45, 46, 47, 48, 50, 51, 55, 57, 59, 60, 61, 62, 63, 64, 65, 66, 67, 69, 70, 71, 73, 75, 76, 77, 80, 81, 82, 83, 84, 85, 86, 87, 88, 89, 91, 92, 93, 95, 96, 97, 98, 99
isrs: 66
issue: 63
issues: 6, 63
it: 1, 4, 5, 6, 7, 13, 15, 16, 17, 19, 20, 21, 23, 24, 25, 27, 33, 37, 41, 42, 45, 50, 52, 55, 56, 59, 60, 61, 62, 65, 66, 67, 69, 75, 77, 79, 80, 81, 82, 83, 84, 89, 91, 92, 95, 96, 99
item: 61
items: 61
its: 0, 4, 7, 11, 16, 17, 18, 21, 27, 28, 41, 45, 46, 52, 56, 57, 60, 72, 74, 75, 77, 84, 87, 89, 95, 97
itself: 2, 26, 28
ixa: 15
j: 0, 14, 16, 28, 34, 41, 50, 69, 93, 95
jahoda: 85
jewett: 19
job: 31
john: 57, 67, 72, 73, 75, 77, 78, 83
joint: 92
journal: 9, 36, 40, 75, 96
journals: 9, 40, 64, 75, 86, 96
jr: 75
judge: 42, 83
judged: 15, 51, 64, 69, 88
judgements: 69, 83
judges: 57, 77, 83
judgment: 42, 46
judgments: 41, 42
just: 18, 57
k: 3, 20, 51, 86, 99
kaplan: 47
kebler: 32
keenan-atherton: 54
keep: 7, 91
kept: 33
kessler: 38, 49
key: 5
key-punched: 79
keyword: 48, 52, 78, 85
keyword-in-context: 33
keywords: 33, 42, 78, 85
kilgour: 35, 89
kind: 23, 30, 57, 79, 83, 91, 93, 98
kindred: 10
kinds: 2, 21, 23, 24, 79
kingdom: 1
know: 5, 86, 91
knowing: 5
knowledge: 2, 16, 47, 57, 67, 95, 97
knowledgeable: 7
known: 46, 47, 57, 64, 93, 95
kozumplik: 55
kwic: 33, 48, 52
kwoc: 52
l: 21, 25, 51, 77, 96
laboratories: 14
laboratory: 14, 31, 48
lack: 3
lacking: 82
laid: 18
lancaster: 74
landau: 82
lange: 55
language: 9, 18, 24, 29, 36, 77
languages: 18, 64
langue-parole: 18
large: 4, 26, 37, 38, 46, 50, 58, 63, 64, 99
largely: 8, 65, 69, 75, 95
larger: 66
last: 4, 17, 25, 45
later: 41, 79, 98
latin: 93
latter: 18
lattices: 24
laureates: 87
laureates-to-be: 87
law: 15, 43, 54, 61, 80
lays: 92
lc: 15
lead: 21
leading: 20
leads: 20, 80
leap: 90
least: 47
leave: 42
led: 95
left: 8
legal: 46
legislate: 27
leimkuhler: 61
leith: 75
lending: 11
length: 30, 60
lesk: 70
less: 1, 8, 20, 31, 47, 57, 87
let: 86
level: 21, 45
levels: 4
lewis: 79
lexical: 34
liber: 11
librarian: 45
librarians: 5, 6, 7, 16, 19, 21, 30, 89, 91
librarianship: 0, 5, 16, 19, 89
libraries: 1, 3, 6, 8, 11, 16, 17, 21, 22, 23, 89
libraries--organized: 8
library: 1, 3, 4, 5, 6, 7, 9, 10, 13, 15, 16, 19, 21, 22, 30, 31, 32, 35, 45, 55, 63, 66, 71, 74, 79, 86, 89, 90, 91, 93
lies: 16
life: 0, 91
light: 17
ligue: 11
like: 12, 20
likely: 88
limited: 86
limits: 39, 87
line: 52
lines: 7
linguistic: 36
linguistics: 18
linguists: 18
links: 76
lipetz: 46
list: 46, 96
listed: 79, 87
listing: 89
lists: 78
literature: 7, 9, 10, 14, 15, 16, 17, 25, 27, 28, 31, 32, 33, 36, 39, 40, 46, 52, 61, 64, 75, 82
literatures: 32
little: 27, 47, 70, 81, 91, 99
little-known: 88
living: 89
loan: 9, 11
loans: 9
localized: 70
locate: 65
located: 88
location: 88
location--were: 8
log-normal: 43
logic: 24, 53
logical: 38
london: 62
long: 0, 16, 46, 99
long-established: 3
long-range: 9
look: 46, 88, 89
loomed: 99
lorenz: 20
losing: 17
loss: 61
losses: 22
lotka: 80
lou: 85
love: 7
low-: 88
lower: 39
lowly: 47
luhn: 17, 33
luxembourg: 11
lyle: 7, 13
m: 1, 3, 16, 19, 27, 30, 38, 39, 49, 70, 78, 79, 84, 86, 92
machinable: 35
machine: 16, 37, 53
machine-generated: 33
machine-produced: 16
machine-readable: 11, 78
machinelike: 37
machines: 15, 44
made: 1, 3, 4, 9, 11, 16, 24, 30, 33, 36, 42, 63, 78, 83, 89, 92
magnitude: 36
mailing: 64
main: 4
maintainance: 29
maintained: 63
maintaining: 45, 63
maintenance: 21, 79
maizell: 31
major: 1, 9, 10, 16, 34, 37, 39, 64, 79
majority: 24
make: 6, 14, 15, 16, 21, 42, 77, 89, 92
makers: 94
makes: 56, 77, 78, 87
making: 15, 24, 48, 84
maltsev: 24
man: 20
management: 3, 4, 30, 73
managerial: 16, 73
manifestation: 62
manifested: 7
manipulation: 16, 52
manipulative: 43
mankind: 2, 99
manner: 61, 63
manpower: 21, 93
manual: 15, 26, 44, 48, 64, 71
manuals: 10
many: 4, 5, 7, 15, 16, 17, 18, 20, 22, 26, 67, 97
map: 25
mapped: 94
maps: 25
marc: 16
margaret: 80
marguerite: 52
mark: 19
marquis: 95
mary: 85
mason: 6
mass: 94
massachusetts: 12, 30
master: 20, 27, 63
matches: 70
mate: 20
material: 5, 11, 13, 30, 31, 39, 42, 60, 62, 86
materials: 7, 9, 10, 11, 13, 16, 79, 86
mathematical: 4, 24, 27, 30, 60, 81
mathematicians: 18
matthew: 88
matthis: 15
mauerhoff: 17
maximal: 51
maximize: 61
maximum: 33, 56
may: 15, 16, 20, 32, 45, 48, 51, 53, 57, 61, 69, 93, 99
me: 91
mean: 23
meaning: 27, 28, 81, 83
meaningful: 24, 61, 69
meaningfully: 61
meanings: 27, 57, 67, 70
means: 11, 25, 27, 46, 75, 93, 98
meant: 8
measure: 30, 45, 56, 60, 72, 73, 80
measured: 42, 84, 88
measurement: 25
measurements: 81
measures: 27, 30, 78, 80, 84
measuring: 30, 44, 51, 87
mechanical: 44, 76
mechanically: 44
mechanics: 15
mechanisms: 95
mechanization: 16
mechanized: 17, 43
media: 16, 97
medica: 64
medical: 35
medicine: 9, 71, 74
medico: 76
medicus: 37, 64
medium: 43
medlars: 64, 71, 74
meet: 73
meeting: 11, 19
melvil: 19
member: 51
members: 7, 13, 14, 30, 78
memory: 65
men: 4, 44, 88
mental: 25
menzel: 94
merely: 13, 21, 24, 27, 89
merton: 88, 99
method: 4, 41, 45, 46, 49, 50, 51, 76, 78, 81
methodology: 74
methods: 3, 5, 8, 16, 18, 33, 40, 54, 70, 71, 72, 92
metric: 42, 72
micro-library: 55
microfiche: 12
microfilm: 55
might: 32, 67, 69, 77, 81, 91, 99
military: 4, 79
miller: 64, 65
million: 40
mind: 7
minds: 62
minimal: 46
minimized: 45
minimum: 45
misinterpreting: 19
missing: 22
mistakes: 6
mixed: 20
model: 24, 30, 61, 66, 79, 84, 87
modelling: 4
models: 15, 24, 30
modern: 16, 19, 89
modes: 25
modest: 10, 12
modified: 14
modifiers: 76
monolithic: 89
montgomery: 37
month: 63, 64
more: 0, 4, 5, 13, 14, 15, 16, 17, 24, 27, 31, 32, 40, 46, 47, 51, 64, 65, 69, 75, 80, 81, 87, 88, 92, 94, 95, 97
morse: 30
most: 7, 13, 15, 16, 19, 20, 21, 22, 25, 43, 46, 61, 63, 64, 70, 75, 78, 86, 89, 91, 94, 95
mostly: 7
motivated: 92
move: 23
much: 2, 5, 16, 21, 39, 51
much-vaunted: 62
multifarious: 18
multiple: 45, 85, 88
multipublication: 62
must: 7, 50, 63, 64, 67, 84, 89
mutual: 41
my: 18
n: 86
name: 16, 79, 87, 92
name-order: 87
nameless: 89
names: 87
nance: 66
nasa: 53
national: 9, 11, 19, 36, 71, 74, 91
natural: 29, 41
nature: 3, 24, 59, 95
nazi: 93
necessarily: 65
necessary: 15, 20, 29, 62, 84
necessity: 20
need: 3, 5, 7, 8, 16, 28, 91
needed: 0, 58, 75
needs: 9, 45, 66, 89
neglected: 13
negligible: 48
negotiated: 77
negro: 98
neighbor: 93
network: 14, 79, 96
networks: 14, 96
never: 0
nevertheless: 12, 27
new: 3, 6, 16, 29, 33, 40, 59, 60, 70, 75, 88, 89, 93
next: 24, 63
nih: 40
nine: 3, 43, 64
nineteenth: 19, 93
no: 1, 7, 34, 85, 88, 89, 92
nobel: 87
noblesse: 87
non-governmental: 11
non-mathematical: 27
non-ophthalmologist: 64
non-social: 20
nona: 43
noncreative: 31
nonrelational: 67
nonrelevant: 69
nor: 6, 12, 21
normal: 33
norman: 47, 66
norms: 21, 47
north: 90
northeastern: 12
not: 1, 2, 6, 10, 12, 13, 16, 17, 20, 21, 24, 27, 28, 45, 46, 50, 54, 61, 64, 65, 70, 75, 83, 87, 88, 89, 91, 95, 98
notably: 7
note: 10, 27, 95, 99
noted: 20
notify: 48
notion: 27, 41
now: 4, 18, 21, 24, 45
nsf: 40, 77
number: 4, 18, 27, 36, 38, 40, 43, 45, 56, 58, 60, 63, 64, 88
numbering: 12
numbers: 15
numerical: 27
nursing: 86
o: 28, 54, 57, 67, 83
object: 98
objectionable: 8
objective: 3, 51, 56, 89
objectively: 17
objectives: 89
objects: 79
obligation: 7, 21
oblige: 87
obscure: 28
obscurities: 28
obscurity: 57
observable: 84
observations: 30, 99
observe: 99
obsolescence: 32
obstacles: 62
obtain: 2, 51
obtained: 34, 61, 75, 84, 97
obtaining: 10
obvious: 16, 63
occupation: 21
occupational: 92
occur: 57
occurrence: 78
occurrences: 78
occurs: 67, 88
oclc: 91
of: 0, 1, 2, 3, 4, 5, 6, 7, 8, 9, 10, 11, 12, 13, 14, 15, 16, 17, 18, 19, 20, 21, 22, 23, 24, 25, 26, 27, 28, 29, 30, 31, 32, 33, 34, 35, 36, 37, 38, 39, 40, 41, 42, 43, 44, 45, 46, 47, 48, 49, 50, 51, 52, 53, 55, 56, 57, 58, 59, 60, 61, 62, 63, 64, 65, 66, 67, 68, 69, 70, 71, 72, 73, 74, 75, 76, 77, 78, 79, 80, 81, 82, 83, 84, 85, 86, 87, 88, 89, 90, 91, 92, 93, 94, 95, 96, 97, 98, 99
offensive: 93
offer: 77
offered: 65
offers: 48, 70
office: 21
official: 21
offset: 93
often: 20, 28, 46, 81, 87
oh: 91
ohio: 22, 91
older: 31
on: 1, 2, 3, 4, 5, 8, 9, 11, 12, 16, 19, 20, 21, 24, 27, 28, 30, 31, 33, 34, 37, 39, 41, 42, 43, 45, 46, 47, 48, 50, 51, 52, 57, 58, 60, 61, 67, 69, 70, 74, 80, 82, 83, 84, 87, 88, 89, 91, 92, 93, 94, 97, 99
on-line: 17, 77
on-the-premise: 30
once: 94, 99
one: 1, 4, 5, 7, 16, 18, 19, 27, 40, 41, 44, 46, 51, 53, 58, 61, 64, 67, 72, 85, 91, 94, 95, 99
one-librarian: 89
ones: 21
only: 1, 4, 9, 10, 13, 21, 24, 61, 67, 70, 75, 85, 89, 91, 92, 95, 99
opaque: 79
open: 8, 83
operate: 66, 88
operated: 73
operates: 88
operating: 26, 37, 47, 73, 74
operation: 26, 66
operationally: 46
operations: 15, 16, 24, 26, 30, 43, 63
ophthalmic: 64
ophthalmology: 64
opinion: 8, 58, 86
opportunities: 5, 13
optical: 91
optimal: 61
optimization: 61
optimum: 43, 56
or: 4, 5, 6, 7, 14, 15, 22, 27, 37, 43, 47, 48, 64, 70, 75, 76, 79, 83, 84, 88, 89, 93, 95, 98, 99
orally: 1
order: 10, 41, 45, 61, 70, 87
ordered: 38, 61
ordering: 33, 60, 61, 87
orders: 87
organization: 2, 11, 14, 61, 65
organizations: 1, 94, 96
origin: 36, 79
original: 51, 64, 79
originally: 88
origins: 4, 36
orr: 51
osgood: 96
other: 0, 1, 9, 10, 14, 16, 20, 27, 44, 48, 51, 60, 64, 70, 73, 75, 77, 78, 79, 87, 88, 91, 93, 96, 97
others: 42, 47, 57
our: 2, 7, 16, 19, 47, 59, 70, 92
out: 20, 27, 41, 58, 84
outcome: 30
outgrowth: 93
outline: 21
outlined: 10, 15, 45
outmoding: 89
output: 76
outside: 1, 14
over: 2, 45, 48, 58, 61, 78, 92, 97
overlap: 70
overlook: 7, 19
overlooked: 58, 65
overly: 66
overseas: 93
overviews: 97
overwhelming: 24
own: 18, 51
p: 0, 2, 4, 26, 30, 33, 36, 92
pack: 20
paid: 94
pairs: 25, 70
palmour: 9
panel: 78
panels: 78
paper: 21, 24, 26, 40, 47, 48, 51, 52, 58, 63, 64, 66, 67, 73, 84, 88, 95, 96
papers: 10, 18, 38, 40, 49, 84, 87, 88, 95
parallel: 27, 95
parallels: 93
parameter: 45
parameters: 18, 61, 70
parentheses: 15
parry: 3
part: 37, 41, 63, 96
part-time: 5
partial: 61
partially: 47, 61, 69
participate: 89
participated: 78
participation: 90
particular: 10, 11, 15, 16, 24, 42, 46, 48, 87, 88, 95
particularly: 1, 11, 18, 19, 23, 43
parts: 24, 57, 86
passage: 83
past: 5, 16, 33, 40, 58, 88, 93, 94
patrons: 30
pattern: 1, 61, 63, 75, 96
patterns: 14, 31, 75, 87, 95
peaceful: 20
peculiarity: 18
people: 1, 21, 37
per: 40, 85
percent: 9, 45, 89
percentage: 27, 43, 98
percentages: 98
perfection: 33
performance: 27, 60, 70, 73, 74, 78
performed: 17
perhaps: 7, 26, 57, 84, 91
period: 17, 19, 26, 32, 63, 73
periodical: 9, 64
periodically: 73
periodicals: 1
permit: 67
permits: 43, 79
permitted: 57
permitting: 64, 70
permuted: 79
person: 1, 98
personal: 1
personalize: 89
personalizing: 89
personnel: 26
persons: 21, 89, 98
pertinent: 61, 79
phenomena: 94
phenomenon: 27, 89, 93
philadelphia: 19
philosophers: 18
philosophy: 55, 77
photo: 79
photo-reproduction: 79
photocopies: 9, 64
physical: 9, 49
physically: 84
physics: 46, 84
picture: 36
pilot: 22
pivotal: 19
plain: 91
plan: 9, 61
planned: 13, 16, 58
planning: 6, 15, 16, 30, 31, 32
pleasant: 5
plotnick: 91
poetry: 7
point: 67, 79, 82, 85, 95
pointed: 27, 84
points: 20, 63, 85, 88
policy: 10, 21, 93, 94
political: 8
popping: 91
popular: 17
population: 38, 39, 98
portion: 7
positions: 21
positive: 83
possesses: 89
possibilities: 21
possibility: 24, 25, 32, 41, 46
possible: 4, 9, 15, 16, 28, 45, 51, 56, 57, 67, 70, 73, 77, 81, 96
post-1876: 19
post-1970: 17
postings: 56
potential: 16, 46, 51, 89, 96
potentially: 75
power: 2, 93
practical: 11, 41, 51, 94, 95
practice: 10, 16, 47
practices: 16, 47, 67, 87
practitioners: 86, 95
pranas: 56, 80
pre-professional: 21
preceding: 19, 95
precision: 60, 70, 85
predation: 20
predators: 20
predicate: 24
predict: 63
predicted: 75
prediction: 43
preface: 92
preferable: 11
preferences: 87
preliminary: 45
preparation: 5, 21, 52
preparations: 15
prepare: 5
preparing: 5
present: 0, 6, 13, 16, 17, 95, 96, 97, 99
present-day: 99
presented: 46, 68, 73, 80, 88
presenting: 16
presents: 16, 25, 74
president: 7, 93
pressed: 91
prestigious: 88
presumably: 27
pretended: 12
pretentious: 62
prevention: 20
previous: 17, 66, 79, 84
previously: 64, 69, 78
previously-proposed: 72
primarily: 7, 9, 20, 24, 76
primary: 4
principal: 8, 74
principle: 13, 61
principles: 24, 29
printed: 62, 86
prior: 17
priorities: 99
private: 93
privately: 93
prize: 87
prize-winning: 87
probability: 27, 30, 61, 87
problem: 15, 16, 18, 22, 36, 41, 42, 96, 97
problems: 6, 8, 10, 11, 16, 24, 41, 92
procedure: 37, 44, 67
procedures: 15, 16, 26, 44, 63, 70, 83
process: 13, 46, 70, 73, 80, 95, 97, 99
processed: 40
processes: 16, 25, 94
processing: 38, 71, 76
produce: 63, 66, 79
produced: 78
produces: 78
product: 5, 92
production: 15, 55, 73
productivity: 80
products: 95
profession: 16, 19, 21, 53
professional: 4, 8, 13, 18, 21, 31, 88
professionals: 5, 21
professions: 94
professor: 7
profile: 48
profiles: 48
prognostications: 32
program: 26, 44, 74, 93
programs: 5
progress: 16
project: 3, 4, 15, 22, 30, 40, 63, 73, 97
prolegomena: 47
prominent: 94
promise: 8, 30
promises: 99
promote: 77
propaganda: 93
properly: 70
properties: 18, 24, 72, 98
property: 60
proportion: 1, 35, 37, 64
proposals: 12
proposed: 11, 16, 33, 41, 61, 80
proposes: 47
proven: 15, 26
proverbially: 20
provide: 0, 11, 14, 16, 22, 27, 41, 46, 67
provided: 37, 46
provides: 16, 56, 60, 66, 72
providing: 3, 16, 42, 46, 52, 93
provision: 3, 11, 29
provocative: 16
provoked: 3
pseudo-mathematics: 27
psychological: 44, 96, 97
psychologists: 94
psychology: 65, 96, 97
public: 16, 93
publication: 43, 46, 47, 62, 63
publications: 5, 11, 17, 40, 75
publics: 94
published: 0, 16, 24, 39, 40, 43, 96
publishing--was: 7
pure: 95
purpose: 3, 9, 11, 21, 73, 86, 93
purposes: 13, 25, 63, 75
put: 18, 35
pz3: 15
pz4: 15
q: 57
qualifications: 92
qualified: 92
qualitatively: 95
qualities: 89
quality: 11, 51, 62, 80, 81, 88
quantifiable: 27
quantification: 84
quantitative: 18, 25, 36, 45, 84
quantities: 84
quantity: 62
quarter: 19
queries: 41
question: 41, 51, 57, 59, 67, 69
questioned: 3
questionnaire: 8
questions: 17, 28, 34, 47, 59, 64, 69, 83, 85
quickly: 48
r: 6, 7, 8, 13, 15, 17, 32, 34, 37, 42, 48, 55, 58, 64, 66, 99
race: 98
radiation-: 75
radioactive: 32
raises: 47
random: 60
range: 21, 61, 72, 84
rank: 78
ranked: 75
ranking: 88
rapid: 4, 9
rapidly: 4, 16
rarely: 1
ratcliff: 86
rate: 30, 32, 43
rated: 64
rates: 98
rath: 34
rather: 1, 16, 62, 63, 89
rating: 69
rational: 83
rationale: 29
re-examination: 3
reached: 71
read: 13, 14, 31
reader: 8, 10, 12, 47
reader--two: 12
readers: 13, 15, 25
readily: 64, 70
reading: 7, 13, 31, 75
real: 4
realities: 16
realize: 91
realized: 13
reappraisal: 19
reasonable: 45
reasonably: 69
recall: 27, 60, 70, 85
recapture: 89
receipt: 88
receive: 1, 88
received: 5, 88
recent: 4, 58, 94
recently: 27, 97
reception: 88
recherche: 11
reclassification: 15
reclassify: 15
recognition: 47, 88, 93
recommend: 9
recommendations: 74
record: 63
recorded: 2, 31, 35
recording: 10
records: 62
reduce: 62, 83
reduced: 45
reduction: 20, 45, 60
reexamination: 97
refer: 15
reference: 11, 13, 46, 75, 79, 86, 89
references: 10, 40, 46, 64
referred: 10
refining: 31, 92
reflect: 39, 70
reflected: 16, 17, 75, 95
regarding: 22
regardless: 63
regular: 1
regularly: 73
rehumanization: 89
reinforcing: 70
reiterate: 63
relate: 10, 15
related: 24, 25, 46, 49, 69, 70, 83, 96
relatedness: 41, 49
relating: 84
relation: 28, 46, 72, 77
relations: 14, 24, 93
relationship: 27, 43, 46, 81, 97
relationships: 2, 46, 47, 70
relative: 8, 60, 61, 78, 87, 97
relevance: 27, 41, 42, 57, 69, 83, 88
relevance-judgments: 41
relevancies: 41
relevancy: 27
relevant: 34, 46, 60, 64, 69, 73, 85
reliability: 44
reluctant: 31
relying: 1
remain: 89
remainder: 61
remained: 3, 99
remaining: 33
remains: 16, 42
remodeling: 6
renewed: 47
report: 1, 3, 4, 12, 30, 38, 50, 58, 64, 74
reported: 16, 27, 58, 69, 73
reporting: 51
reports: 27, 44
repot: 3
represent: 51, 92
representation: 77
representative: 6, 61
represented: 25
representing: 78
represents: 27
reputation: 88
repute: 88
request: 57
requester: 28, 60
requests: 9, 57, 70
required: 21, 26
requirement: 46
requirements: 45, 84
requires: 41, 46
research: 3, 4, 5, 7, 8, 11, 14, 16, 26, 30, 31, 45, 51, 64, 73, 75, 87, 92, 94, 95, 96, 97
researched: 5
researchers: 64, 75
resembled: 75
resistance: 88
resistant: 8
resnick: 34, 42
resolution: 83
resolve: 83
resolved: 83
resources: 9
respect: 7, 31, 47, 56
response: 66, 67
responses: 48
responsibility: 21
responsible: 7, 70
restricted: 1
restriction: 9
restrictive: 66
rests: 13, 21
result: 45, 67, 80, 85, 92
resulting: 45
results: 14, 26, 34, 38, 39, 42, 43, 49, 50, 54, 66, 68, 69, 71, 72, 73, 74, 85
retains: 13
retrieval: 25, 27, 28, 29, 43, 50, 57, 60, 62, 65, 66, 67, 70, 72, 77, 81
retrievals: 67
retrieve: 64, 77
retroactively: 88
retrospective: 52, 64
reveal: 96
revealed: 37
reversed: 92
review: 16, 17, 49, 82
reviewed: 10, 57
reviews: 7, 16, 47
revised: 12
revising: 73
revision: 13, 90
revolution: 91, 93
reward-cost: 66
rewarding: 5
richard: 45, 51, 66
rigorously: 38
rings: 24
rise: 93
risk: 19
ritualizing: 20
robert: 31, 78
robinson: 98
roeloffs: 78
role: 65, 69, 97
role-performance: 87
roosevelt: 93
roper: 63
roughly: 88
rounded: 91
routines: 10
rule: 16, 41
russell: 64
s: 0, 2, 3, 10, 18, 24, 28, 30, 36, 39, 43, 45, 46, 48, 53, 54, 57, 60, 65, 73, 75, 80, 81, 83, 86, 88, 91, 93, 97, 98
safe: 99
sage: 48
salton: 71
same: 24, 27, 51, 76, 96
sample: 18
sampling: 46
satisfactorily: 2
satisfied: 9
satisfy: 38, 45, 66
satisfying: 9, 28
savage: 34, 42, 58
say: 99
scale: 42
scatter: 75
scattered: 18, 75
scattering: 61, 80
scene: 19
scheme: 33, 46
scholar: 8
scholarly: 16
scholarship: 7
school: 4, 5, 16, 79
schools: 16
schultz: 51
science: 1, 24, 30, 46, 47, 48, 59, 78, 84, 88, 94, 95, 97, 99
scientific: 32, 36, 38, 39, 40, 46, 47, 61, 67, 80, 83, 84, 87, 88, 92, 94, 96, 97, 99
scientists: 31, 47, 51, 67, 87, 88, 94, 95, 96, 99
scope: 10, 66
score: 34, 44, 51
scored: 44, 51
scrambled: 99
scrutinized: 25
sdi: 17, 48, 58
search: 46, 53, 60, 61, 71, 77, 85
searched: 60, 64, 85
searcher: 64, 77
searchers: 64
searches: 61, 64
searching: 25, 60, 64
second: 11, 70, 95
secondarily: 95
secondary: 64
section: 5, 64
secure: 27
see: 69, 88
seeking: 59
seem: 91
seems: 19, 27, 41, 62, 65, 83, 91, 99
segment: 5, 21
segments: 90
select: 5, 16, 34, 46
selected: 64, 67, 75, 86
selecting: 15, 50
selection: 10, 20, 67, 78
selective: 17, 48, 58
selectivity: 46
self-citation: 40
self-education: 8
self-indulgence: 8
self-realization: 8
semi-empirical: 43
seminar: 11
senior: 92
sense: 2, 20, 25, 59, 99
sensible: 18
sent: 64
sentences: 5
separately: 67
september: 11, 12
sequence: 92
sequences: 87
sequential: 61
serial: 39
serials: 10, 39, 63
series: 15, 16, 24, 44
serious: 27, 41
serve: 15, 51
serves: 79, 88
service: 3, 9, 13, 16, 64, 89
services: 11, 16, 31, 32, 36, 65, 94
set: 11, 29, 34, 50, 51, 75, 84
sets: 24, 95
setting: 11
seven: 92
seventeen: 78
several: 25, 26, 37, 57, 72, 84, 88
several-year: 26
shall: 18
shape: 18
shared: 92
shelf: 8
shelves: 89, 91
shepard: 46
sher: 40
shift: 94
shifting: 27
short: 46
should: 5, 9, 21, 23, 35, 45, 51, 61, 63, 77, 87, 88, 97
show: 6, 18, 36, 63
showed: 42
showing: 39
shown: 25, 61, 64, 98
shows: 16, 26, 38, 77, 81
significance: 16, 48
significant: 7, 16, 19, 48, 85
significantly: 15, 34, 85
signing: 92
similar: 43, 84, 88
similarities: 49
similarity-: 41
similarly: 51
simple: 2, 4, 13, 16, 78
simply: 2, 21, 91, 92
simulate: 66
simulates: 26
simulating: 59
simulation: 4, 26, 53, 66
since: 4, 15, 41, 89, 91
single: 24, 27, 58, 60, 85, 98
situation: 27
situations: 1
six: 39
size: 43, 45
sizes: 61
sketched: 67
slamecka: 56
slater: 1
slide: 79
slides: 79
slogan: 2
slow: 16
small: 64, 89
smart: 70, 71
so: 16, 19, 26, 33, 41, 61, 65, 87, 94, 99
so-called: 24, 94
social: 8, 14, 20, 47, 87, 88, 92, 94, 99
societies: 17
society: 89
sociological: 47, 92
sociologists: 94, 99
sociology: 99
sociometric: 14
solutions: 6, 16
some: 13, 16, 20, 26, 27, 28, 30, 32, 46, 48, 57, 58, 61, 63, 65, 67, 72, 79, 82, 83, 94, 96
somehow: 81
someone: 91
something: 91
sometimes: 91
somewhat: 67
somewhere: 99
soon: 93
sophisticated: 4
sort: 94
sought: 61
source: 39, 40, 48
sources: 15, 36, 64, 67, 94
space: 86
spatial: 65
spatially: 65
speak: 24
special: 67, 89
specialists: 44
speciality: 75
specialized: 94
species: 20
specific: 26, 73, 81, 82, 84
specifically: 84
specification: 67
specifications: 57
specified: 57
speed: 88
spite: 0
sponsored: 40, 93
spread: 4
spurred: 0
stack: 45
staff: 7, 22, 30
stage: 61
standardization: 16
standards: 5, 16, 21
standing: 88
stars: 14
state: 22, 47, 72, 92, 98
state-of-the: 82
stated: 38, 81
statement: 21, 83
statements: 57
states: 5, 79, 86, 93, 98
statistical: 18, 25, 36, 40, 68, 70, 72, 76, 78, 98
statistically: 50, 78, 85
statistics: 18, 25, 30, 78
status: 16, 60
stay: 30
stearns: 86
stephen: 14
steps: 15
still: 1
stimulating: 3
stock: 2
stone: 68
storage: 13, 43, 66, 96
stored: 5, 62
storehouses: 2
storing: 9
story: 0, 2
strange: 99
strategies: 48
strategy: 45
stratification: 88, 92
stream: 95
strength: 57
stress: 92
stressed: 3, 55
stresses: 18
strict: 20
stromberg: 55
strongly: 25
structure: 14, 18, 79, 92, 94
structures: 6, 24
students: 5, 13, 85
studied: 37, 67, 94
studies: 17, 30, 61, 88, 96
study: 0, 5, 6, 8, 9, 22, 24, 26, 31, 37, 38, 51, 64, 67, 70, 73, 87, 88, 95
studying: 24, 47, 66, 94
stursa: 85
style: 79
subject: 9, 20, 36, 37, 39, 44, 46, 49, 50, 57, 67, 78, 85
subject-arranged: 79
subjected: 72
subjective: 27, 83
subjects: 16, 34
subsequently: 64
subset: 50, 75
substances: 32
substantial: 13
substantially: 51
substitute: 7
subsystem: 66
subtle: 81
success: 16
successful: 6, 81
such: 4, 5, 11, 16, 19, 24, 27, 30, 36, 40, 42, 52, 57, 60, 66, 67, 93, 97, 98
suggest: 32, 51, 57, 87, 99
suggested: 15, 26, 30, 41, 46, 60, 69, 72, 78, 86
suggestion: 20
suggestions: 47, 65
suggests: 16, 28
suitable: 33, 37
summaries: 40, 76
summarized: 29
summary: 73, 74, 96
superb: 89
superior: 64, 78
supervision: 21
supplement: 13
supplementary: 86
supplemented: 5
supplied: 37, 51
supply: 75
supplying: 89, 93, 94
support: 15, 16, 21, 57
supported: 93
supposed: 69
surrogation: 82
survey: 8, 30
surveys: 16
survival: 20, 99
susan: 76
susceptible: 33
sussex: 11
swanson: 37
swets: 72
symbol: 87
symbolism: 87
symbolizes: 87
synonym: 37
synonymous: 37
synonyms: 70
system: 0, 9, 12, 15, 24, 26, 27, 43, 47, 48, 53, 56, 60, 63, 66, 67, 70, 71, 73, 79, 84, 88
systematic: 67, 92
systems: 3, 16, 17, 24, 26, 27, 48, 58, 60, 63, 65, 66, 70, 71, 72, 73, 94
t: 0, 1, 2, 3, 4, 5, 6, 7, 8, 9, 10, 11, 12, 13, 14, 15, 16, 17, 18, 19, 20, 21, 22, 23, 24, 25, 26, 27, 28, 29, 30, 31, 32, 33, 34, 35, 36, 37, 38, 39, 40, 41, 42, 43, 44, 45, 46, 47, 48, 49, 50, 51, 52, 53, 54, 55, 56, 57, 58, 59, 60, 61, 62, 63, 64, 65, 66, 67, 68, 69, 70, 71, 72, 73, 74, 75, 76, 77, 78, 79, 80, 81, 82, 83, 84, 85, 86, 87, 88, 89, 90, 91, 92, 93, 94, 95, 96, 97, 98, 99
table: 96, 98
tables: 15
tabulated: 30
tags: 65
take: 91, 99
taken: 18
takes: 1, 60
taking: 1
target: 61
tarski: 24
taube: 27
teaching: 13, 16
technical: 1, 14, 16, 31, 32, 33, 36, 39, 47, 53, 68, 73, 93, 94
technique: 4
techniques: 4, 14, 29, 55, 68, 89, 93
technological: 16, 23
technologists: 95
technology: 1, 4, 23, 30, 95
telephone: 52
temerity: 12
tend: 22
tendency: 65
tentative: 59
term: 27, 43, 53, 56, 91
terminalogical: 29
terminology: 46
terms: 27, 43, 51, 56, 69, 76, 80, 85
territory: 20
test: 73, 76, 78, 88
test-searched: 85
tested: 46, 50, 58
tests: 31
text: 5, 13, 15, 25, 34, 42, 63, 64, 71, 76, 78
texts: 68
textual: 69
than: 0, 1, 5, 8, 9, 14, 16, 21, 27, 39, 40, 46, 51, 63, 64, 69, 70, 78, 81, 83, 87, 88, 89, 95
that: 0, 1, 5, 7, 8, 10, 13, 16, 17, 18, 20, 21, 24, 25, 26, 27, 31, 33, 34, 37, 38, 41, 42, 45, 48, 50, 51, 55, 57, 59, 60, 61, 64, 65, 67, 69, 71, 73, 75, 77, 78, 80, 81, 82, 84, 87, 88, 89, 91, 92, 95, 99
the: 0, 1, 2, 3, 4, 5, 6, 7, 8, 9, 10, 11, 12, 13, 14, 15, 16, 17, 18, 19, 20, 21, 22, 23, 24, 25, 26, 27, 28, 29, 30, 31, 32, 33, 34, 35, 36, 37, 38, 39, 40, 41, 42, 43, 44, 45, 46, 47, 48, 49, 50, 51, 52, 53, 54, 55, 56, 57, 58, 59, 60, 61, 62, 63, 64, 65, 66, 67, 68, 69, 70, 71, 72, 73, 74, 75, 76, 77, 78, 79, 80, 81, 82, 83, 84, 85, 86, 87, 88, 89, 90, 91, 92, 93, 94, 95, 96, 97, 98, 99
their: 1, 15, 24, 31, 33, 41, 42, 62, 66, 83, 87, 88, 89, 91, 95, 96, 99
them: 20, 23, 64, 67, 83, 89
themes: 94
themselves: 7, 95, 99
then: 21, 25, 41, 67, 81, 84, 88
theoretical: 24, 41, 92, 94
theoretically-sound: 73
theory: 16, 18, 24, 30, 61, 63, 66, 72, 92
there: 0, 1, 5, 7, 16, 24, 27, 30, 34, 45, 70, 85, 88, 92, 95, 97
therefore: 17, 24, 25, 41
thesaurus: 29, 52, 70
these: 3, 4, 5, 6, 7, 10, 11, 16, 22, 24, 28, 29, 33, 44, 46, 48, 57, 59, 64, 69, 87, 88, 93, 95
thesis: 13
they: 5, 7, 10, 13, 19, 21, 22, 27, 31, 41, 51, 57, 83, 87, 91, 99
thing: 4, 91, 98
things: 36
thinking: 23
thinning: 45
third: 11, 12, 19
this: 0, 1, 4, 5, 6, 7, 8, 9, 10, 11, 13, 15, 16, 18, 19, 20, 21, 22, 23, 25, 26, 27, 30, 32, 38, 39, 41, 42, 43, 45, 46, 47, 48, 50, 51, 52, 55, 56, 59, 61, 63, 66, 67, 69, 72, 73, 74, 75, 76, 77, 79, 81, 83, 84, 87, 88, 90, 91, 92, 93, 94, 95, 96, 99
thomas: 14
thorough: 7
thoroughly: 10, 15
those: 7, 11, 15, 20, 21, 28, 46, 50, 70, 77, 85, 87, 88, 91
though: 7, 28
thought: 31, 64
thousand: 37
thread: 18
three: 28, 44, 61, 66, 72, 75
three-month: 73
through: 7, 8, 9, 13, 16, 40, 46, 53, 60, 70, 96
throughout: 15, 39
thrust--the: 7
thus: 20, 24, 27, 49, 61, 84, 96
time: 19, 26, 32, 46, 63, 79, 85, 88, 91, 94, 96, 99
times: 4
title: 37, 39, 51, 52, 63, 85
titles: 37, 51, 52, 64, 75, 89
to: 0, 1, 2, 4, 5, 6, 7, 8, 9, 10, 11, 12, 13, 15, 16, 17, 18, 19, 20, 21, 22, 23, 24, 25, 26, 27, 28, 29, 30, 31, 32, 33, 34, 35, 36, 37, 38, 40, 41, 42, 43, 44, 45, 46, 47, 48, 49, 50, 51, 52, 53, 54, 55, 56, 57, 58, 59, 60, 61, 62, 63, 64, 65, 66, 67, 69, 70, 72, 73, 74, 75, 76, 77, 78, 79, 80, 81, 83, 84, 85, 86, 87, 88, 89, 90, 91, 92, 93, 94, 95, 96, 97, 99
today: 4, 23, 97
together: 16, 30, 39, 97
told: 0
tomorrow: 23
too: 4
tool: 13, 26
tools: 15, 77
top: 88
topic: 5
topics: 5, 10
torpid: 89
tortuous: 15
total: 36, 39, 42, 43, 75, 78
totally: 20
toward: 23, 77, 84
towards: 11, 12, 20
traced: 4
tractable: 67
trade: 33, 93
trade-off: 61
traditional: 8, 16, 77
training: 4, 21
transfer: 1
transferred: 1
translations: 64
transmission: 56
transmit: 56
treat: 89, 99
treated: 5
treating: 83
treatment: 10
trends: 96
trevelyans: 99
tried: 92
true: 70, 84
trueswell: 45
truly: 18
try: 18, 23
trying: 18
turn: 41
turned: 94
twentieth: 93, 99
twenty-five: 24, 93
two: 2, 14, 15, 16, 18, 25, 26, 27, 49, 67, 81, 83, 85, 91, 92, 94, 95
two-zone: 61
type: 96
types: 5, 16, 18, 34, 57
ucla: 63
ugc: 3
unable: 45
unavailability: 22
unavailable: 4
uncertainty: 22
unchained: 91
unclear: 28, 57
under: 38, 42, 46, 61, 81, 93, 96
understandable: 69
understanding: 5, 67, 69
undertaken: 22
undertakings: 96
unexpectedly: 50
unexplained: 42
unexplored: 42
unidentified: 89
unified: 79
uniform: 12
unique: 30, 55, 65
unit: 98
united: 1, 5, 79, 86, 93, 98
universal: 24, 84
universally: 91
universe: 18
universities: 3, 17
university: 3, 6, 11, 22, 66
unrecognized: 87
unresolved: 8
unsuccessful: 6
until: 24, 81
untutored: 8
up: 7, 11, 13, 20, 24, 46, 91
up-to-date: 33
updating: 29
upon: 7, 13, 43, 47, 63, 88
upsurge: 94
us: 7, 88, 92
usage: 27, 43, 52
use: 1, 4, 5, 8, 14, 15, 22, 24, 25, 27, 29, 30, 31, 35, 45, 46, 48, 52, 53, 57, 65, 66, 68, 70, 75, 77, 78, 84, 93
used: 1, 4, 15, 26, 28, 32, 43, 48, 49, 61, 63, 64, 70, 71, 74, 75, 83, 87, 96
useful: 13, 18, 19, 21, 26, 29, 43, 61, 75, 77, 86
usefulness: 96
user: 8, 12, 27, 33, 45, 46, 48, 51, 55, 65, 66, 69, 89
users: 1, 9, 12, 15, 27, 41, 46, 51, 66, 89
uses: 45
using: 14, 18, 34, 36, 40, 44, 50, 77, 78, 85
usual: 33
usually: 70
utilization: 95
utilized: 34, 73, 88
utilizes: 55
utilizing: 34
v: 9, 54, 96
validated: 45
validates: 72
validity: 27, 32, 76
valuable: 8, 64
value: 27, 46, 48, 80, 84, 87
values: 48, 80, 99
variables: 88, 98
variations: 52
varied: 8
variety: 4, 64
various: 5, 28, 30, 57, 67, 79, 88
variously: 93, 95
vary: 87
venerable: 89
verification: 30
vertebrates: 20
very: 24, 41
view: 35, 52, 82
viewpoints: 92
viiia: 15
violent: 20
virtually: 20
visibility: 87, 88
visible: 87
visit: 1
visualize: 16
vladimir: 56
vocabulary: 29, 43, 68, 80
voice: 22
voigt: 16
volume: 16, 36, 49
volumes: 45, 89
volunteer: 5
w: 32, 45, 53, 55, 63, 74, 86, 90, 97, 98
wadex: 52
wall: 29, 43
wallace: 51
waltham: 12
wants: 45
war: 4, 93
was: 0, 4, 6, 7, 8, 9, 11, 12, 13, 18, 19, 22, 24, 34, 37, 38, 42, 44, 51, 56, 64, 73, 74, 75, 78, 79, 82, 83, 85, 92, 99
way: 2, 46, 57, 61, 84
ways: 1, 3, 7, 11, 20, 31, 57, 67
we: 2, 5, 7, 16, 21, 23, 27, 47, 58, 59, 88, 92, 95, 97, 99
weak: 60
weaker: 20
wealth: 86
week: 63
weights: 53, 76
well: 7, 16, 26, 42, 43, 45, 46, 51, 57, 67, 93, 96, 99
well-developed: 4
well-known: 57
were: 3, 5, 7, 8, 9, 11, 14, 24, 34, 44, 46, 51, 64, 69, 72, 73, 75, 76, 78, 85, 86, 88, 91
west: 79
western: 11
what: 12, 16, 23, 27, 59, 83, 99
whatever: 11
when: 4, 12, 17, 22, 27, 51, 63, 77, 88, 89, 96, 99
where: 16, 20, 22, 66, 86, 89, 91, 99
whereas: 20
whereby: 41
whether: 51, 69, 83, 88, 93
which: 1, 3, 4, 7, 11, 13, 15, 16, 18, 21, 22, 24, 25, 26, 27, 28, 30, 31, 32, 34, 35, 41, 42, 43, 45, 46, 48, 50, 57, 60, 61, 63, 66, 67, 69, 76, 77, 78, 81, 83, 84, 86, 87, 89, 92, 93, 94, 95, 97, 98, 99
while: 7, 33, 47, 77, 82
who: 1, 14, 15, 16, 21, 27, 28, 45, 64, 88, 89, 91
whole: 1, 18
whose: 41, 50
why: 16, 23
wide: 4, 51, 64, 72, 84
widely: 75, 88
widened: 16
wider: 1
widespread: 4
wilkins: 90
will: 0, 2, 5, 6, 16, 21, 27, 40, 41, 43, 48, 59, 61, 62, 77, 81, 83, 89, 95, 99
william: 60, 81
williams: 90
willingness: 33
wilson: 2
winifred: 39
wish: 15
with: 1, 2, 7, 9, 11, 13, 14, 15, 16, 18, 20, 21, 23, 24, 26, 27, 30, 31, 33, 35, 37, 39, 41, 42, 43, 44, 46, 47, 48, 51, 56, 60, 61, 63, 64, 67, 70, 71, 76, 78, 79, 84, 85, 87, 88, 89, 91, 92, 93, 94, 95, 96, 97, 99
within: 39, 66, 84, 95, 97
without: 9, 16, 20, 85
wolf: 76
wolves: 20
women: 4
wooster: 12
word: 25, 48, 67, 70, 78
word-frequency: 78
word-occurrence: 78
word-word: 70
words: 37, 48, 50, 70
work: 0, 5, 10, 13, 14, 17, 21, 24, 59, 60, 76, 80, 88, 96, 99
workers: 5, 60
working: 7
works: 8, 47
world: 7, 11, 16, 36, 39, 91, 93, 99
worldwide: 39
worthwhile: 9
would: 11, 12, 16, 18, 26, 45, 46, 60, 64, 67, 77, 86, 92
write: 28, 99
writer: 47
writing: 5, 7, 62
writings: 2
written: 2, 18, 26, 88
x: 0, 1, 2, 3, 4, 5, 6, 7, 8, 9, 10, 11, 12, 13, 14, 15, 16, 17, 18, 19, 20, 21, 22, 23, 24, 25, 26, 27, 28, 29, 30, 31, 32, 33, 34, 35, 36, 37, 38, 39, 40, 41, 42, 43, 44, 45, 46, 47, 48, 49, 50, 51, 52, 53, 54, 55, 56, 57, 58, 59, 60, 61, 62, 63, 64, 65, 66, 67, 68, 69, 70, 71, 72, 73, 74, 75, 76, 77, 78, 79, 80, 81, 82, 83, 84, 85, 86, 87, 88, 89, 90, 91, 92, 93, 94, 95, 96, 97, 98, 99
xerox: 15
xeroxed: 64
xhignesse: 96
yale: 6, 35
yardstick: 51
year: 23, 63
years: 4, 16, 17, 19, 24, 58, 92, 93
yet: 45, 87
yield: 61
yields: 33, 81
you: 91
yovits: 84
zeller: 86
zipf: 43, 80
zone: 61
zones: 61
zuckerman: 87
zunde: 56, 80
